"klemm_celimene" "klemm_chlorinde" "klemm_cydalise" "klemm_damis" "klemm_ein_bedienter" "klemm_erast" "klemm_finette"
"ich" 3.68975903614458 3.35820895522388 6.01941747572816 7.79661016949153 0 5.95744680851064 4.54545454545455
"sie" 5.12048192771084 3.35820895522388 5.24271844660194 1.35593220338983 0 4.25531914893617 0.505050505050505
"so" 1.6566265060241 1.67910447761194 2.52427184466019 2.03389830508475 0 0.425531914893617 1.51515151515152
"nicht" 1.12951807228916 2.42537313432836 2.71844660194175 1.35593220338983 0 0.851063829787234 2.02020202020202
"die" 1.28012048192771 3.35820895522388 0.970873786407767 2.03389830508475 0 0.425531914893617 1.51515151515152
"ist" 1.28012048192771 2.05223880597015 1.16504854368932 0.677966101694915 5.88235294117647 2.12765957446809 2.02020202020202
"und" 1.43072289156627 0.746268656716418 1.16504854368932 2.03389830508475 5.88235294117647 0.425531914893617 2.02020202020202
"es" 0.978915662650602 1.86567164179104 0.970873786407767 0.677966101694915 5.88235294117647 2.12765957446809 2.02020202020202
"das" 0.903614457831325 2.23880597014925 1.16504854368932 0 0 1.27659574468085 3.03030303030303
"der" 1.05421686746988 1.11940298507463 1.16504854368932 1.35593220338983 11.7647058823529 0.425531914893617 2.52525252525253
"zu" 1.35542168674699 1.67910447761194 1.16504854368932 0.677966101694915 0 0.851063829787234 0.505050505050505
"ein" 0.903614457831325 2.05223880597015 0.776699029126214 0 0 1.27659574468085 1.01010101010101
"erast" 0.828313253012048 0.932835820895522 2.33009708737864 0.677966101694915 0 0 1.01010101010101
"mir" 0.753012048192771 0.746268656716418 1.94174757281553 0.338983050847458 0 2.5531914893617 0
"sich" 1.20481927710843 1.30597014925373 0.776699029126214 0.677966101694915 0 0 1.01010101010101
"mich" 0.828313253012048 0.746268656716418 0.970873786407767 0.677966101694915 0 2.5531914893617 0
"was" 0.903614457831325 0.186567164179104 0.58252427184466 2.71186440677966 0 1.27659574468085 0.505050505050505
"daß" 0.903614457831325 0.746268656716418 0.970873786407767 0.338983050847458 0 1.27659574468085 1.01010101010101
"frau" 0 0.932835820895522 0.970873786407767 2.71186440677966 0 3.82978723404255 0
"habe" 0.753012048192771 0.932835820895522 0.776699029126214 1.35593220338983 0 0.851063829787234 0.505050505050505
"ja" 0.903614457831325 0.932835820895522 0.776699029126214 0.338983050847458 0 1.27659574468085 0.505050505050505
"meine" 0.903614457831325 0.932835820895522 0.58252427184466 1.69491525423729 0 0.425531914893617 0
"damis" 0.978915662650602 1.11940298507463 0.776699029126214 0 0 0.851063829787234 0
"in" 0.602409638554217 1.11940298507463 0.970873786407767 1.01694915254237 0 0.425531914893617 0.505050505050505
"noch" 0.828313253012048 0.932835820895522 0.776699029126214 0.338983050847458 0 0.425531914893617 1.01010101010101
"doch" 0.52710843373494 0.932835820895522 1.16504854368932 1.01694915254237 0 0.425531914893617 0.505050505050505
"gnädige" 0 0.559701492537313 0.58252427184466 2.03389830508475 0 4.68085106382979 0
"man" 1.05421686746988 0.932835820895522 0.388349514563107 0.338983050847458 0 0 0.505050505050505
"cydalise" 0.602409638554217 1.30597014925373 0 1.35593220338983 0 0.851063829787234 0.505050505050505
"hat" 0.602409638554217 1.30597014925373 0.388349514563107 0.677966101694915 5.88235294117647 0 0.505050505050505
"ihnen" 0.753012048192771 0.559701492537313 0.58252427184466 1.35593220338983 0 0.425531914893617 0
"von" 0.677710843373494 0.559701492537313 0.388349514563107 0.338983050847458 5.88235294117647 0.851063829787234 1.51515151515152
"mit" 0.828313253012048 0.932835820895522 0.194174757281553 0.677966101694915 0 0.425531914893617 0
"sind" 0.903614457831325 0.373134328358209 0.388349514563107 0.338983050847458 0 0.425531914893617 1.01010101010101
"wie" 1.12951807228916 0 0.58252427184466 0 0 0.425531914893617 0.505050505050505
"auch" 0.602409638554217 0.746268656716418 0.388349514563107 1.01694915254237 0 0 1.01010101010101
"er" 0.602409638554217 0.746268656716418 0.58252427184466 0 0 0 2.02020202020202
"fräulein" 0.753012048192771 0.186567164179104 0.194174757281553 1.35593220338983 0 1.27659574468085 0
"haben" 0.52710843373494 1.11940298507463 0.58252427184466 0.338983050847458 0 0.425531914893617 0.505050505050505
"recht" 0.451807228915663 0.373134328358209 1.74757281553398 0.338983050847458 0 0 0.505050505050505
"für" 0.677710843373494 0.746268656716418 0.388349514563107 0.338983050847458 0 0.425531914893617 0.505050505050505
"seyn" 0.451807228915663 0.746268656716418 0.776699029126214 0 0 0.425531914893617 1.51515151515152
"als" 0.451807228915663 0.373134328358209 0.388349514563107 1.69491525423729 0 0.425531914893617 0.505050505050505
"den" 0.451807228915663 0.559701492537313 0.194174757281553 0.677966101694915 0 1.27659574468085 1.01010101010101
"eine" 0.376506024096386 0.373134328358209 0.58252427184466 0.677966101694915 5.88235294117647 0.851063829787234 1.01010101010101
"wenn" 0.376506024096386 0.746268656716418 0.58252427184466 1.35593220338983 0 0 0.505050505050505
"denn" 0.753012048192771 0.186567164179104 0.58252427184466 0.338983050847458 0 0 0.505050505050505
"nun" 0.753012048192771 0.186567164179104 0.388349514563107 0 0 0 1.51515151515152
"du" 0.602409638554217 0 0 2.03389830508475 0 0.425531914893617 0
"ihr" 0.225903614457831 0 0 0.677966101694915 11.7647058823529 0.425531914893617 3.53535353535354
"liebe" 0.753012048192771 0.186567164179104 0.388349514563107 0.677966101694915 0 0 0
"schon" 0.301204819277108 0.559701492537313 0.58252427184466 0.677966101694915 0 0 1.51515151515152
"auf" 0.376506024096386 0.186567164179104 0.388349514563107 0.677966101694915 0 0.851063829787234 1.01010101010101
"o" 0.376506024096386 0.373134328358209 0 0.677966101694915 0 2.12765957446809 0
"an" 0.52710843373494 0.373134328358209 0.58252427184466 0 5.88235294117647 0 0
"da" 0.602409638554217 0.373134328358209 0.194174757281553 0.338983050847458 5.88235294117647 0 0
"ihre" 0.602409638554217 0.559701492537313 0.194174757281553 0 0 0.425531914893617 0
"bin" 0.150602409638554 0.186567164179104 0.776699029126214 1.01694915254237 0 0.425531914893617 0.505050505050505
"aber" 0.376506024096386 0.186567164179104 0.194174757281553 0.338983050847458 0 0 1.51515151515152
"alle" 0.52710843373494 0 0.194174757281553 0 0 0.425531914893617 1.01010101010101
"dem" 0.52710843373494 0 0 0.338983050847458 0 0.851063829787234 0.505050505050505
"gnaden" 0 0 0 0.338983050847458 11.7647058823529 0 4.04040404040404
"muß" 0.150602409638554 0.373134328358209 0.776699029126214 0.338983050847458 0 0.851063829787234 0
"nur" 0.451807228915663 0.373134328358209 0.388349514563107 0 0 0.425531914893617 0
"sehr" 0.451807228915663 0.559701492537313 0.194174757281553 0 0 0.425531914893617 0
"wieder" 0.150602409638554 0.559701492537313 0.58252427184466 0.677966101694915 0 0 0.505050505050505
"wollen" 0.150602409638554 0 0.58252427184466 0.338983050847458 0 0.851063829787234 1.51515151515152
"kommen" 0.150602409638554 0.373134328358209 1.16504854368932 0 0 0 0
"lassen" 0.52710843373494 0.373134328358209 0 0.338983050847458 0 0 0
"meiner" 0.451807228915663 0 0.194174757281553 0 0 1.27659574468085 0
"weiß" 0.150602409638554 0.186567164179104 0.388349514563107 0 0 0.425531914893617 2.02020202020202
"wir" 0.225903614457831 0.186567164179104 0.58252427184466 1.01694915254237 0 0 0
"aus" 0.376506024096386 0 0.194174757281553 0.338983050847458 0 0.851063829787234 0
"chlorinde" 0.225903614457831 0 0.970873786407767 0.338983050847458 0 0 0
"herr" 0.451807228915663 0.373134328358209 0.194174757281553 0 0 0 0
"mein" 0.52710843373494 0 0 0 0 0.851063829787234 0
"werden" 0.376506024096386 0.373134328358209 0 0 0 0.851063829787234 0
"bitte" 0.451807228915663 0 0.194174757281553 0 0 0.425531914893617 0
"cydalisen" 0.376506024096386 0 0 0.338983050847458 0 0.851063829787234 0
"ehre" 0.150602409638554 0.559701492537313 0.58252427184466 0 0 0 0
"heute" 0.301204819277108 0.186567164179104 0.58252427184466 0 0 0 0
"kann" 0.150602409638554 0 0.58252427184466 0.677966101694915 0 0 0.505050505050505
"machen" 0.225903614457831 0.373134328358209 0 0.338983050847458 0 0.425531914893617 0.505050505050505
"war" 0.301204819277108 0 0.194174757281553 0 0 0.851063829787234 0.505050505050505
"wird" 0.301204819277108 0 0 0.338983050847458 0 0 1.51515151515152
"bey" 0 0.373134328358209 0.58252427184466 0 0 0.425531914893617 0.505050505050505
"einmal" 0.225903614457831 0.186567164179104 0.194174757281553 0 0 0.851063829787234 0
"gar" 0.150602409638554 0.559701492537313 0.388349514563107 0 0 0 0
"hätte" 0.225903614457831 0 0.58252427184466 0 0 0 0.505050505050505
"immer" 0.301204819277108 0.186567164179104 0 0 0 0 1.01010101010101
"itzt" 0.225903614457831 0.373134328358209 0 0.338983050847458 0 0.425531914893617 0
"kömmt" 0.451807228915663 0.186567164179104 0 0 0 0 0
"lange" 0.376506024096386 0.186567164179104 0 0.338983050847458 0 0 0
"mag" 0.225903614457831 0.186567164179104 0.58252427184466 0 0 0 0
"mehr" 0.225903614457831 0 0.388349514563107 0.677966101694915 0 0 0
"sehn" 0.225903614457831 0.186567164179104 0.194174757281553 0 0 0.425531914893617 0.505050505050505
"uns" 0.301204819277108 0 0.388349514563107 0.338983050847458 0 0 0
"warum" 0.225903614457831 0 0.58252427184466 0 0 0 0.505050505050505
"will" 0.376506024096386 0.373134328358209 0 0 0 0 0
"celimene" 0.150602409638554 0.373134328358209 0.388349514563107 0 0 0 0
"einen" 0.0753012048192771 0.373134328358209 0.388349514563107 0.338983050847458 0 0 0
"heyrathen" 0.225903614457831 0 0.194174757281553 0.338983050847458 0 0 0.505050505050505
"ihren" 0.150602409638554 0.186567164179104 0.194174757281553 0.338983050847458 0 0.425531914893617 0
"keinen" 0 0.373134328358209 0.388349514563107 0.338983050847458 0 0 0.505050505050505
"meinen" 0.301204819277108 0.186567164179104 0 0.338983050847458 0 0 0
"vor" 0.225903614457831 0.186567164179104 0.194174757281553 0 0 0.425531914893617 0
"wäre" 0.150602409638554 0.373134328358209 0 0 0 0.425531914893617 0.505050505050505
"zärtlichkeit" 0.150602409638554 0.186567164179104 0.194174757281553 0.338983050847458 0 0.425531914893617 0
"etwas" 0.225903614457831 0.186567164179104 0 0 0 0 0.505050505050505
"frauenzimmer" 0.150602409638554 0.373134328358209 0.194174757281553 0 0 0 0
"glaube" 0.0753012048192771 0.559701492537313 0 0 0 0 0.505050505050505
"glücklich" 0.301204819277108 0.186567164179104 0 0 0 0 0
"gut" 0.225903614457831 0 0 0.677966101694915 0 0 0
"halten" 0.301204819277108 0 0 0.338983050847458 0 0 0
"hand" 0.225903614457831 0 0 0.338983050847458 0 0.425531914893617 0
"hause" 0.0753012048192771 0.373134328358209 0.388349514563107 0 0 0 0
"hier" 0.150602409638554 0.186567164179104 0.388349514563107 0 0 0 0
"im" 0.150602409638554 0 0 0.677966101694915 0 0 0.505050505050505
"können" 0.150602409638554 0.373134328358209 0.194174757281553 0 0 0 0
"lieben" 0.225903614457831 0.186567164179104 0 0.338983050847458 0 0 0
"mann" 0.301204819277108 0 0 0 0 0.425531914893617 0
"nach" 0.225903614457831 0 0.388349514563107 0 0 0 0
"setzen" 0.225903614457831 0 0.388349514563107 0 0 0 0
"soll" 0.150602409638554 0.559701492537313 0 0 0 0 0
"wahr" 0.150602409638554 0 0.194174757281553 0 0 0.851063829787234 0
"zeit" 0.376506024096386 0 0 0 0 0 0
"ach" 0.150602409638554 0 0.194174757281553 0.338983050847458 0 0 0
"andere" 0.150602409638554 0.186567164179104 0.194174757281553 0 0 0 0
"augen" 0.150602409638554 0.186567164179104 0 0 0 0.425531914893617 0
"darf" 0.0753012048192771 0 0 1.01694915254237 0 0 0
"diesen" 0 0.373134328358209 0 0.338983050847458 0 0 0.505050505050505
"einem" 0.0753012048192771 0 0.194174757281553 0.338983050847458 0 0.425531914893617 0
"ewige" 0 0.186567164179104 0.194174757281553 0.677966101694915 0 0 0
"fällt" 0.0753012048192771 0.186567164179104 0 0.338983050847458 0 0.425531914893617 0
"gemahlin" 0.150602409638554 0 0 0.338983050847458 0 0.425531914893617 0
"gemüthsart" 0.225903614457831 0.186567164179104 0 0 0 0 0
"gesehn" 0.150602409638554 0.186567164179104 0.194174757281553 0 0 0 0
"gewiß" 0.150602409638554 0.373134328358209 0 0 0 0 0
"giebt" 0.0753012048192771 0.186567164179104 0.388349514563107 0 0 0 0
"ha" 0.0753012048192771 0 0 0.338983050847458 0 0.851063829787234 0
"herzen" 0.150602409638554 0 0 0.338983050847458 0 0.425531914893617 0
"ihrem" 0.0753012048192771 0.186567164179104 0.194174757281553 0 0 0.425531914893617 0
"ihrer" 0.225903614457831 0.186567164179104 0 0 0 0 0
"kopf" 0.0753012048192771 0 0.388349514563107 0 0 0.425531914893617 0
"mensch" 0.150602409638554 0.373134328358209 0 0 0 0 0
"niemals" 0.0753012048192771 0.186567164179104 0.388349514563107 0 0 0 0
"sagen" 0.150602409638554 0.186567164179104 0.194174757281553 0 0 0 0
"sehe" 0.0753012048192771 0 0.194174757281553 0.338983050847458 0 0.425531914893617 0
"sollte" 0.150602409638554 0.186567164179104 0 0 0 0.425531914893617 0
"sonst" 0.225903614457831 0 0 0.338983050847458 0 0 0
"welt" 0.150602409638554 0.373134328358209 0 0 0 0 0
"wenig" 0.225903614457831 0 0.194174757281553 0 0 0 0
"werde" 0.150602409638554 0.186567164179104 0.194174757281553 0 0 0 0
"wissen" 0.225903614457831 0 0.194174757281553 0 0 0 0
"wohl" 0.150602409638554 0.186567164179104 0 0.338983050847458 0 0 0
"allein" 0 0.559701492537313 0 0 0 0 0
"andern" 0.0753012048192771 0 0.194174757281553 0 0 0 0.505050505050505
"begleiten" 0.0753012048192771 0 0.388349514563107 0 0 0 0
"beständig" 0.150602409638554 0.186567164179104 0 0 0 0 0
"besten" 0.225903614457831 0 0 0 0 0 0
"beyde" 0.225903614457831 0 0 0 0 0 0
"bleiben" 0.225903614457831 0 0 0 0 0 0
"davon" 0.0753012048192771 0.373134328358209 0 0 0 0 0
"dich" 0.150602409638554 0 0 0.338983050847458 0 0 0
"dienerin" 0 0.373134328358209 0.194174757281553 0 0 0 0
"dir" 0.0753012048192771 0 0 0.677966101694915 0 0 0
"eben" 0.0753012048192771 0 0.194174757281553 0.338983050847458 0 0 0
"einander" 0.225903614457831 0 0 0 0 0 0
"einer" 0.0753012048192771 0.186567164179104 0 0.338983050847458 0 0 0
"geben" 0.0753012048192771 0.186567164179104 0 0 0 0.425531914893617 0
"gedacht" 0.150602409638554 0 0.194174757281553 0 0 0 0
"gefallen" 0.150602409638554 0.186567164179104 0 0 0 0 0
"gehabt" 0.150602409638554 0 0 0 0 0 0.505050505050505
"gerne" 0.0753012048192771 0.186567164179104 0.194174757281553 0 0 0 0
"gesagt" 0 0.186567164179104 0.194174757281553 0.338983050847458 0 0 0
"gesellschaft" 0.0753012048192771 0 0.194174757281553 0 0 0 0.505050505050505
"gewisse" 0.0753012048192771 0.186567164179104 0.194174757281553 0 0 0 0
"glück" 0.0753012048192771 0.186567164179104 0.194174757281553 0 0 0 0
"gott" 0 0.186567164179104 0 0 0 0.851063829787234 0
"hast" 0.225903614457831 0 0 0 0 0 0
"hören" 0 0 0.388349514563107 0.338983050847458 0 0 0
"ihm" 0.150602409638554 0.186567164179104 0 0 0 0 0
"jedes" 0.150602409638554 0.186567164179104 0 0 0 0 0
"kein" 0.225903614457831 0 0 0 0 0 0
"keine" 0.225903614457831 0 0 0 0 0 0
"leute" 0.150602409638554 0 0 0 0 0 0.505050505050505
"liebenswürdig" 0 0 0.388349514563107 0.338983050847458 0 0 0
"lieber" 0.225903614457831 0 0 0 0 0 0
"möchte" 0 0 0.194174757281553 0 0 0.851063829787234 0
"nein" 0.150602409638554 0 0 0 0 0.425531914893617 0
"nichts" 0.150602409638554 0 0 0.338983050847458 0 0 0
"ob" 0.0753012048192771 0 0.388349514563107 0 0 0 0
"personen" 0.0753012048192771 0.186567164179104 0.194174757281553 0 0 0 0
"platz" 0.0753012048192771 0.373134328358209 0 0 0 0 0
"sache" 0.0753012048192771 0 0 0.338983050847458 0 0 0.505050505050505
"teufel" 0 0 0 1.01694915254237 0 0 0
"that" 0 0 0.388349514563107 0.338983050847458 0 0 0
"um" 0.150602409638554 0 0.194174757281553 0 0 0 0
"vergebung" 0.0753012048192771 0 0.194174757281553 0 0 0.425531914893617 0
"verspreche" 0.0753012048192771 0 0 0.677966101694915 0 0 0
"viele" 0.0753012048192771 0.186567164179104 0.194174757281553 0 0 0 0
"vielleicht" 0.0753012048192771 0 0.388349514563107 0 0 0 0
"wer" 0.150602409638554 0.186567164179104 0 0 0 0 0
"wetter" 0.0753012048192771 0.373134328358209 0 0 0 0 0
"willkommen" 0.225903614457831 0 0 0 0 0 0
"zeigen" 0.225903614457831 0 0 0 0 0 0
"allerliebst" 0 0.186567164179104 0.194174757281553 0 0 0 0
"am" 0.0753012048192771 0 0 0.338983050847458 0 0 0
"auftritt" 0.0753012048192771 0 0 0 0 0 0.505050505050505
"aufwarten" 0.0753012048192771 0 0 0.338983050847458 0 0 0
"augenblick" 0 0 0.388349514563107 0 0 0 0
"bald" 0 0 0.194174757281553 0.338983050847458 0 0 0
"besser" 0.150602409638554 0 0 0 0 0 0
"beständigkeit" 0.0753012048192771 0 0 0.338983050847458 0 0 0
"betrüger" 0.0753012048192771 0 0.194174757281553 0 0 0 0
"bis" 0 0 0 0 0 0.851063829787234 0
"brav" 0.0753012048192771 0 0.194174757281553 0 0 0 0
"danke" 0.0753012048192771 0 0.194174757281553 0 0 0 0
"denken" 0.150602409638554 0 0 0 0 0 0
"diese" 0 0.186567164179104 0 0 0 0 0.505050505050505
"dieser" 0.150602409638554 0 0 0 0 0 0
"drey" 0 0 0 0 0 0 1.01010101010101
"eher" 0 0 0 0 0 0.851063829787234 0
"elend" 0.0753012048192771 0 0.194174757281553 0 0 0 0
"erasten" 0.150602409638554 0 0 0 0 0 0
"ewig" 0.0753012048192771 0 0.194174757281553 0 0 0 0
"fehlt" 0.0753012048192771 0 0 0.338983050847458 0 0 0
"finden" 0 0 0.194174757281553 0.338983050847458 0 0 0
"frey" 0 0 0 0.677966101694915 0 0 0
"füßen" 0.0753012048192771 0 0 0 0 0.425531914893617 0
"gefällt" 0.0753012048192771 0 0.194174757281553 0 0 0 0
"geglaubt" 0.0753012048192771 0.186567164179104 0 0 0 0 0
"geh" 0.0753012048192771 0 0 0 0 0.425531914893617 0
"gehe" 0 0.186567164179104 0.194174757281553 0 0 0 0
"gehn" 0.0753012048192771 0 0.194174757281553 0 0 0 0
"geliebt" 0 0.186567164179104 0 0 0 0.425531914893617 0
"geliebte" 0.0753012048192771 0 0 0.338983050847458 0 0 0
"gerade" 0.0753012048192771 0.186567164179104 0 0 0 0 0
"gesund" 0 0.186567164179104 0.194174757281553 0 0 0 0
"gesunde" 0 0 0.388349514563107 0 0 0 0
"getroffen" 0.0753012048192771 0 0 0.338983050847458 0 0 0
"geworden" 0 0 0 0 0 0.425531914893617 0.505050505050505
"glauben" 0 0.373134328358209 0 0 0 0 0
"gleich" 0.150602409638554 0 0 0 0 0 0
"gleichwohl" 0.0753012048192771 0 0 0 0 0 0.505050505050505
"groß" 0 0 0.388349514563107 0 0 0 0
"großmüthig" 0.150602409638554 0 0 0 0 0 0
"herum" 0.0753012048192771 0.186567164179104 0 0 0 0 0
"herz" 0.150602409638554 0 0 0 0 0 0
"himmel" 0.0753012048192771 0 0 0.338983050847458 0 0 0
"hm" 0 0.186567164179104 0.194174757281553 0 0 0 0
"hoffe" 0.150602409638554 0 0 0 0 0 0
"höre" 0 0 0 0.338983050847458 0 0 0.505050505050505
"ihn" 0.150602409638554 0 0 0 0 0 0
"könnte" 0.0753012048192771 0 0 0.338983050847458 0 0 0
"kreutzer" 0 0.186567164179104 0 0 0 0 0.505050505050505
"kriegen" 0 0.186567164179104 0 0.338983050847458 0 0 0
"kurz" 0.150602409638554 0 0 0 0 0 0
"küssen" 0 0 0.194174757281553 0.338983050847458 0 0 0
"länger" 0 0 0.388349514563107 0 0 0 0
"lauter" 0 0.186567164179104 0.194174757281553 0 0 0 0
"leben" 0.0753012048192771 0 0 0 0 0 0.505050505050505
"liebhaber" 0.0753012048192771 0.186567164179104 0 0 0 0 0
"mädel" 0.0753012048192771 0.186567164179104 0 0 0 0 0
"mannspersonen" 0.150602409638554 0 0 0 0 0 0
"meinem" 0.0753012048192771 0 0 0 0 0 0.505050505050505
"narr" 0 0.186567164179104 0 0 0 0.425531914893617 0
"närrin" 0 0.186567164179104 0 0 0 0.425531914893617 0
"nehmen" 0.0753012048192771 0.186567164179104 0 0 0 0 0
"neuigkeit" 0.0753012048192771 0.186567164179104 0 0 0 0 0
"niemanden" 0 0 0.388349514563107 0 0 0 0
"oder" 0.0753012048192771 0 0.194174757281553 0 0 0 0
"prüden" 0.150602409638554 0 0 0 0 0 0
"reizungen" 0.150602409638554 0 0 0 0 0 0
"ruhig" 0.0753012048192771 0.186567164179104 0 0 0 0 0
"schätze" 0.150602409638554 0 0 0 0 0 0
"schicken" 0.0753012048192771 0 0 0.338983050847458 0 0 0
"schön" 0 0.186567164179104 0.194174757281553 0 0 0 0
"schöne" 0 0.186567164179104 0.194174757281553 0 0 0 0
"sehen" 0.0753012048192771 0 0 0 0 0 0.505050505050505
"seine" 0.150602409638554 0 0 0 0 0 0
"seiner" 0.0753012048192771 0 0 0 0 0.425531914893617 0
"selber" 0 0.186567164179104 0 0 0 0 0.505050505050505
"siehst" 0.0753012048192771 0 0 0.338983050847458 0 0 0
"sollen" 0.150602409638554 0 0 0 0 0 0
"stehn" 0.150602409638554 0 0 0 0 0 0
"tod" 0 0 0.194174757281553 0 0 0 0.505050505050505
"trägt" 0 0.373134328358209 0 0 0 0 0
"über" 0.150602409638554 0 0 0 0 0 0
"unglücklich" 0.150602409638554 0 0 0 0 0 0
"unmöglichkeiten" 0.150602409638554 0 0 0 0 0 0
"unter" 0.0753012048192771 0 0 0.338983050847458 0 0 0
"unvermuthet" 0 0 0.388349514563107 0 0 0 0
"unwürdig" 0.0753012048192771 0 0 0 0 0.425531914893617 0
"vergessen" 0.150602409638554 0 0 0 0 0 0
"vergnügen" 0.0753012048192771 0 0.194174757281553 0 0 0 0
"verheyrathen" 0.0753012048192771 0 0 0 0 0 0.505050505050505
"vermählung" 0.150602409638554 0 0 0 0 0 0
"vermuthet" 0 0.186567164179104 0.194174757281553 0 0 0 0
"vernunft" 0.0753012048192771 0 0 0 0 0.425531914893617 0
"verräther" 0.150602409638554 0 0 0 0 0 0
"versprechen" 0.0753012048192771 0 0 0 0 0.425531914893617 0
"versprochen" 0.0753012048192771 0 0.194174757281553 0 0 0 0
"verstand" 0.0753012048192771 0.186567164179104 0 0 0 0 0
"vollkommen" 0 0 0.194174757281553 0 0 0 0.505050505050505
"wahrheit" 0 0 0.388349514563107 0 0 0 0
"weder" 0.0753012048192771 0 0.194174757281553 0 0 0 0
"weh" 0 0 0.388349514563107 0 0 0 0
"weil" 0.150602409638554 0 0 0 0 0 0
"weißt" 0.150602409638554 0 0 0 0 0 0
"wirst" 0.0753012048192771 0 0 0.338983050847458 0 0 0
"wort" 0 0 0 0.338983050847458 0 0.425531914893617 0
"wunder" 0.150602409638554 0 0 0 0 0 0
"wünschen" 0.0753012048192771 0 0.194174757281553 0 0 0 0
"würde" 0 0.186567164179104 0 0.338983050847458 0 0 0
"würdig" 0.150602409638554 0 0 0 0 0 0
"zärtliche" 0.150602409638554 0 0 0 0 0 0
"zum" 0 0 0.194174757281553 0 0 0 0.505050505050505
"a" 0 0.186567164179104 0 0 0 0 0
"abbruch" 0 0 0.194174757281553 0 0 0 0
"abgeleget" 0 0.186567164179104 0 0 0 0 0
"absichten" 0 0 0 0 0 0 0.505050505050505
"acht" 0 0.186567164179104 0 0 0 0 0
"affectirte" 0 0 0 0 0 0.425531914893617 0
"affectirter" 0 0.186567164179104 0 0 0 0 0
"allen" 0.0753012048192771 0 0 0 0 0 0
"allerwenigsten" 0 0 0 0.338983050847458 0 0 0
"alles" 0 0 0 0.338983050847458 0 0 0
"allgemeine" 0.0753012048192771 0 0 0 0 0 0
"älter" 0 0 0 0 0 0 0.505050505050505
"amant" 0 0 0 0 0 0 0.505050505050505
"amanten" 0 0 0 0 0 0 0.505050505050505
"ander" 0 0.186567164179104 0 0 0 0 0
"anfangs" 0 0 0 0.338983050847458 0 0 0
"annimmt" 0.0753012048192771 0 0 0 0 0 0
"arme" 0 0.186567164179104 0 0 0 0 0
"art" 0 0 0 0 0 0 0.505050505050505
"artiger" 0.0753012048192771 0 0 0 0 0 0
"aufgedecket" 0.0753012048192771 0 0 0 0 0 0
"aufgewartet" 0 0 0 0.338983050847458 0 0 0
"aufrichtigkeit" 0.0753012048192771 0 0 0 0 0 0
"aufsetzerin" 0 0.186567164179104 0 0 0 0 0
"aufwartung" 0 0 0 0.338983050847458 0 0 0
"außer" 0 0 0 0 0 0.425531914893617 0
"auszugehn" 0 0.186567164179104 0 0 0 0 0
"auszumachen" 0.0753012048192771 0 0 0 0 0 0
"bauen" 0 0 0 0 0 0 0.505050505050505
"bedanken" 0 0.186567164179104 0 0 0 0 0
"bedingungen" 0 0 0 0.338983050847458 0 0 0
"befahl" 0 0 0 0 0 0.425531914893617 0
"befehl" 0 0 0.194174757281553 0 0 0 0
"befördert" 0.0753012048192771 0 0 0 0 0 0
"begehen" 0.0753012048192771 0 0 0 0 0 0
"begehrte" 0.0753012048192771 0 0 0 0 0 0
"behutsam" 0.0753012048192771 0 0 0 0 0 0
"beklagen" 0 0 0.194174757281553 0 0 0 0
"belebt" 0 0.186567164179104 0 0 0 0 0
"belebter" 0.0753012048192771 0 0 0 0 0 0
"bereits" 0 0.186567164179104 0 0 0 0 0
"beschwerlich" 0 0 0.194174757281553 0 0 0 0
"beständiger" 0 0.186567164179104 0 0 0 0 0
"bestürzung" 0.0753012048192771 0 0 0 0 0 0
"besuche" 0 0 0 0 0 0.425531914893617 0
"besuchen" 0 0 0.194174757281553 0 0 0 0
"besucht" 0.0753012048192771 0 0 0 0 0 0
"betragen" 0 0 0.194174757281553 0 0 0 0
"betrogen" 0.0753012048192771 0 0 0 0 0 0
"betrüben" 0 0 0.194174757281553 0 0 0 0
"bevorstehenden" 0.0753012048192771 0 0 0 0 0 0
"beyden" 0.0753012048192771 0 0 0 0 0 0
"beyfall" 0 0 0 0.338983050847458 0 0 0
"billig" 0.0753012048192771 0 0 0 0 0 0
"bist" 0 0 0 0 0 0.425531914893617 0
"bitten" 0.0753012048192771 0 0 0 0 0 0
"blaß" 0 0 0.194174757281553 0 0 0 0
"bleibe" 0 0 0.194174757281553 0 0 0 0
"bleibt" 0 0 0 0.338983050847458 0 0 0
"blieb" 0.0753012048192771 0 0 0 0 0 0
"blühen" 0.0753012048192771 0 0 0 0 0 0
"blutiger" 0 0 0 0 0 0.425531914893617 0
"brauche" 0.0753012048192771 0 0 0 0 0 0
"bräutigam" 0 0.186567164179104 0 0 0 0 0
"bringen" 0.0753012048192771 0 0 0 0 0 0
"bruder" 0 0 0 0.338983050847458 0 0 0
"brunnen" 0 0 0 0.338983050847458 0 0 0
"bussel" 0 0.186567164179104 0 0 0 0 0
"compliment" 0.0753012048192771 0 0 0 0 0 0
"coquetten" 0 0.186567164179104 0 0 0 0 0
"creatur" 0 0.186567164179104 0 0 0 0 0
"curios" 0 0.186567164179104 0 0 0 0 0
"dabey" 0.0753012048192771 0 0 0 0 0 0
"dachte" 0 0 0.194174757281553 0 0 0 0
"dafür" 0.0753012048192771 0 0 0 0 0 0
"damit" 0 0.186567164179104 0 0 0 0 0
"danken" 0.0753012048192771 0 0 0 0 0 0
"darauf" 0.0753012048192771 0 0 0 0 0 0
"dauert" 0.0753012048192771 0 0 0 0 0 0
"dauret" 0 0.186567164179104 0 0 0 0 0
"dazu" 0 0 0.194174757281553 0 0 0 0
"decke" 0 0 0 0 0 0.425531914893617 0
"dein" 0.0753012048192771 0 0 0 0 0 0
"deine" 0 0 0 0.338983050847458 0 0 0
"denen" 0 0.186567164179104 0 0 0 0 0
"dereinst" 0.0753012048192771 0 0 0 0 0 0
"dero" 0.0753012048192771 0 0 0 0 0 0
"des" 0 0 0 0 0 0.425531914893617 0
"dessen" 0 0 0.194174757281553 0 0 0 0
"desto" 0.0753012048192771 0 0 0 0 0 0
"deswegen" 0.0753012048192771 0 0 0 0 0 0
"dienstboten" 0 0.186567164179104 0 0 0 0 0
"dienstbothen" 0 0.186567164179104 0 0 0 0 0
"dies" 0.0753012048192771 0 0 0 0 0 0
"ding" 0.0753012048192771 0 0 0 0 0 0
"dran" 0.0753012048192771 0 0 0 0 0 0
"dummer" 0 0.186567164179104 0 0 0 0 0
"dummkopf" 0 0 0.194174757281553 0 0 0 0
"durchlesen" 0 0.186567164179104 0 0 0 0 0
"edelmüthig" 0.0753012048192771 0 0 0 0 0 0
"edelmüthiger" 0.0753012048192771 0 0 0 0 0 0
"ehe" 0.0753012048192771 0 0 0 0 0 0
"eigensinnig" 0.0753012048192771 0 0 0 0 0 0
"eindruck" 0.0753012048192771 0 0 0 0 0 0
"einige" 0 0 0 0 0 0.425531914893617 0
"einiger" 0.0753012048192771 0 0 0 0 0 0
"einzig" 0.0753012048192771 0 0 0 0 0 0
"einzige" 0.0753012048192771 0 0 0 0 0 0
"elende" 0 0 0 0 0 0.425531914893617 0
"elenden" 0 0.186567164179104 0 0 0 0 0
"elender" 0 0.186567164179104 0 0 0 0 0
"elendes" 0 0.186567164179104 0 0 0 0 0
"empfehlen" 0 0.186567164179104 0 0 0 0 0
"englische" 0 0.186567164179104 0 0 0 0 0
"entschließen" 0 0.186567164179104 0 0 0 0 0
"entzücken" 0 0 0 0 0 0.425531914893617 0
"entzwey" 0 0 0 0 0 0.425531914893617 0
"ereifern" 0.0753012048192771 0 0 0 0 0 0
"erfahren" 0.0753012048192771 0 0 0 0 0 0
"erfahrung" 0.0753012048192771 0 0 0 0 0 0
"erhalten" 0 0 0 0 0 0.425531914893617 0
"erinnere" 0 0 0.194174757281553 0 0 0 0
"erinnern" 0 0 0.194174757281553 0 0 0 0
"erkenne" 0 0 0 0 0 0.425531914893617 0
"ernsthaften" 0 0 0.194174757281553 0 0 0 0
"eroberungen" 0 0.186567164179104 0 0 0 0 0
"ersinnliche" 0.0753012048192771 0 0 0 0 0 0
"erstemal" 0.0753012048192771 0 0 0 0 0 0
"ersten" 0.0753012048192771 0 0 0 0 0 0
"erwachen" 0 0 0.194174757281553 0 0 0 0
"erwartet" 0.0753012048192771 0 0 0 0 0 0
"erweisen" 0.0753012048192771 0 0 0 0 0 0
"erweißt" 0 0 0.194174757281553 0 0 0 0
"erwiesen" 0 0.186567164179104 0 0 0 0 0
"erwischt" 0 0.186567164179104 0 0 0 0 0
"erzählen" 0.0753012048192771 0 0 0 0 0 0
"erzeigen" 0 0 0.194174757281553 0 0 0 0
"erzeigt" 0 0.186567164179104 0 0 0 0 0
"etwan" 0 0.186567164179104 0 0 0 0 0
"euer" 0 0 0 0 0 0 0.505050505050505
"ewigkeit" 0 0.186567164179104 0 0 0 0 0
"fange" 0 0.186567164179104 0 0 0 0 0
"fangen" 0.0753012048192771 0 0 0 0 0 0
"fängt" 0 0.186567164179104 0 0 0 0 0
"fehler" 0.0753012048192771 0 0 0 0 0 0
"fest" 0 0.186567164179104 0 0 0 0 0
"feuer" 0 0.186567164179104 0 0 0 0 0
"findet" 0.0753012048192771 0 0 0 0 0 0
"fleißig" 0 0 0 0.338983050847458 0 0 0
"flüchtigen" 0 0 0.194174757281553 0 0 0 0
"flüchtling" 0 0.186567164179104 0 0 0 0 0
"foppen" 0 0 0.194174757281553 0 0 0 0
"fortkommen" 0.0753012048192771 0 0 0 0 0 0
"frage" 0 0 0.194174757281553 0 0 0 0
"freue" 0 0 0 0.338983050847458 0 0 0
"freund" 0.0753012048192771 0 0 0 0 0 0
"freundin" 0 0.186567164179104 0 0 0 0 0
"freut" 0.0753012048192771 0 0 0 0 0 0
"freygeist" 0 0.186567164179104 0 0 0 0 0
"freyheit" 0 0 0.194174757281553 0 0 0 0
"freylich" 0 0 0 0 0 0 0.505050505050505
"fromme" 0 0 0 0 0 0 0.505050505050505
"fruchtbarer" 0.0753012048192771 0 0 0 0 0 0
"fühle" 0.0753012048192771 0 0 0 0 0 0
"fürchten" 0.0753012048192771 0 0 0 0 0 0
"ganz" 0.0753012048192771 0 0 0 0 0 0
"gebeten" 0.0753012048192771 0 0 0 0 0 0
"gebohren" 0 0 0.194174757281553 0 0 0 0
"gedreht" 0 0 0 0 0 0 0.505050505050505
"gefährliche" 0 0 0 0 0 0 0.505050505050505
"gefährlicher" 0 0.186567164179104 0 0 0 0 0
"gefalle" 0.0753012048192771 0 0 0 0 0 0
"gefiel" 0.0753012048192771 0 0 0 0 0 0
"gegeben" 0.0753012048192771 0 0 0 0 0 0
"gegen" 0 0 0 0 0 0.425531914893617 0
"gehalten" 0.0753012048192771 0 0 0 0 0 0
"gehen" 0 0 0.194174757281553 0 0 0 0
"geirret" 0.0753012048192771 0 0 0 0 0 0
"geiste" 0 0 0 0.338983050847458 0 0 0
"gekränktes" 0.0753012048192771 0 0 0 0 0 0
"gemacht" 0.0753012048192771 0 0 0 0 0 0
"gemahl" 0.0753012048192771 0 0 0 0 0 0
"gemahle" 0.0753012048192771 0 0 0 0 0 0
"genommen" 0 0 0.194174757281553 0 0 0 0
"genug" 0.0753012048192771 0 0 0 0 0 0
"gerechtigkeit" 0.0753012048192771 0 0 0 0 0 0
"geringsten" 0 0 0 0 0 0 0.505050505050505
"gerücht" 0.0753012048192771 0 0 0 0 0 0
"gesellschafter" 0.0753012048192771 0 0 0 0 0 0
"gesicht" 0.0753012048192771 0 0 0 0 0 0
"gesichte" 0.0753012048192771 0 0 0 0 0 0
"gesichter" 0 0 0.194174757281553 0 0 0 0
"gespenst" 0.0753012048192771 0 0 0 0 0 0
"gestehe" 0 0 0 0 0 0 0.505050505050505
"getöß" 0 0 0 0 0 0 0.505050505050505
"gewesen" 0.0753012048192771 0 0 0 0 0 0
"gewogenheit" 0 0 0 0 0 0.425531914893617 0
"gewunden" 0 0 0 0 0 0 0.505050505050505
"gewußt" 0 0.186567164179104 0 0 0 0 0
"gieng" 0 0.186567164179104 0 0 0 0 0
"gift" 0 0 0 0 0 0.425531914893617 0
"glücklicher" 0.0753012048192771 0 0 0 0 0 0
"glüht" 0.0753012048192771 0 0 0 0 0 0
"gnädigen" 0 0 0 0.338983050847458 0 0 0
"göttlichen" 0 0 0 0 0 0.425531914893617 0
"gratuliren" 0 0.186567164179104 0 0 0 0 0
"größten" 0.0753012048192771 0 0 0 0 0 0
"grundsätze" 0.0753012048192771 0 0 0 0 0 0
"grundsätzen" 0.0753012048192771 0 0 0 0 0 0
"grüß" 0 0 0 0.338983050847458 0 0 0
"gusto" 0 0.186567164179104 0 0 0 0 0
"gute" 0 0 0.194174757281553 0 0 0 0
"guten" 0 0.186567164179104 0 0 0 0 0
"handeln" 0.0753012048192771 0 0 0 0 0 0
"hängt" 0.0753012048192771 0 0 0 0 0 0
"hatte" 0 0.186567164179104 0 0 0 0 0
"hätten" 0.0753012048192771 0 0 0 0 0 0
"häuser" 0 0 0 0 0 0 0.505050505050505
"he" 0 0 0.194174757281553 0 0 0 0
"heftigste" 0.0753012048192771 0 0 0 0 0 0
"heimlich" 0.0753012048192771 0 0 0 0 0 0
"heimlichkeiten" 0.0753012048192771 0 0 0 0 0 0
"heißt" 0.0753012048192771 0 0 0 0 0 0
"henker" 0 0 0 0.338983050847458 0 0 0
"henkers" 0 0 0 0 0 0.425531914893617 0
"herzens" 0.0753012048192771 0 0 0 0 0 0
"heßliche" 0 0 0.194174757281553 0 0 0 0
"heyrath" 0.0753012048192771 0 0 0 0 0 0
"hin" 0 0 0.194174757281553 0 0 0 0
"hochachtung" 0 0.186567164179104 0 0 0 0 0
"hochmuth" 0 0.186567164179104 0 0 0 0 0
"hochzeit" 0.0753012048192771 0 0 0 0 0 0
"hofräthin" 0 0 0 0 5.88235294117647 0 0
"ih" 0 0.186567164179104 0 0 0 0 0
"ihres" 0.0753012048192771 0 0 0 0 0 0
"irthume" 0 0 0 0 0 0.425531914893617 0
"je" 0 0 0.194174757281553 0 0 0 0
"jederman" 0 0 0 0.338983050847458 0 0 0
"jemals" 0.0753012048192771 0 0 0 0 0 0
"jemand" 0 0 0 0 0 0 0.505050505050505
"jung" 0.0753012048192771 0 0 0 0 0 0
"jüngling" 0.0753012048192771 0 0 0 0 0 0
"kapitel" 0 0.186567164179104 0 0 0 0 0
"keiner" 0 0 0 0.338983050847458 0 0 0
"keines" 0 0 0 0 0 0 0.505050505050505
"kennen" 0.0753012048192771 0 0 0 0 0 0
"kennet" 0.0753012048192771 0 0 0 0 0 0
"kennst" 0.0753012048192771 0 0 0 0 0 0
"klugheit" 0.0753012048192771 0 0 0 0 0 0
"knecht" 0 0 0 0.338983050847458 0 0 0
"kömmst" 0 0 0 0.338983050847458 0 0 0
"könen" 0 0 0.194174757281553 0 0 0 0
"könnten" 0 0.186567164179104 0 0 0 0 0
"kopfweh" 0 0 0.194174757281553 0 0 0 0
"kräfte" 0.0753012048192771 0 0 0 0 0 0
"krank" 0 0.186567164179104 0 0 0 0 0
"kränkliche" 0 0 0.194174757281553 0 0 0 0
"kroch" 0.0753012048192771 0 0 0 0 0 0
"kuchelmensch" 0.0753012048192771 0 0 0 0 0 0
"kurze" 0.0753012048192771 0 0 0 0 0 0
"lächerliche" 0 0.186567164179104 0 0 0 0 0
"lamm" 0 0 0 0 0 0 0.505050505050505
"lämmel" 0 0 0 0 0 0 0.505050505050505
"laquey" 0 0 0 0 5.88235294117647 0 0
"läuten" 0.0753012048192771 0 0 0 0 0 0
"lebe" 0.0753012048192771 0 0 0 0 0 0
"lebensart" 0.0753012048192771 0 0 0 0 0 0
"ledig" 0 0 0 0 0 0 0.505050505050505
"leicht" 0 0.186567164179104 0 0 0 0 0
"leiden" 0 0 0.194174757281553 0 0 0 0
"lernen" 0.0753012048192771 0 0 0 0 0 0
"letztemahl" 0 0 0.194174757281553 0 0 0 0
"letzteren" 0 0 0 0 0 0 0.505050505050505
"lieb" 0 0.186567164179104 0 0 0 0 0
"liebwertheste" 0 0.186567164179104 0 0 0 0 0
"lobrede" 0 0.186567164179104 0 0 0 0 0
"lustige" 0 0 0 0 0 0 0.505050505050505
"mache" 0 0.186567164179104 0 0 0 0 0
"machte" 0 0 0 0.338983050847458 0 0 0
"männer" 0.0753012048192771 0 0 0 0 0 0
"mannsbild" 0.0753012048192771 0 0 0 0 0 0
"mannsbilder" 0 0 0 0 0 0 0.505050505050505
"mannsbildern" 0.0753012048192771 0 0 0 0 0 0
"mannsperson" 0.0753012048192771 0 0 0 0 0 0
"meines" 0 0 0.194174757281553 0 0 0 0
"meinung" 0 0 0 0.338983050847458 0 0 0
"menschen" 0 0 0.194174757281553 0 0 0 0
"meyne" 0 0 0 0.338983050847458 0 0 0
"miene" 0.0753012048192771 0 0 0 0 0 0
"miteinander" 0.0753012048192771 0 0 0 0 0 0
"monsieur" 0 0 0.194174757281553 0 0 0 0
"mühe" 0.0753012048192771 0 0 0 0 0 0
"munde" 0 0 0 0.338983050847458 0 0 0
"nachrichten" 0 0.186567164179104 0 0 0 0 0
"namen" 0 0 0 0.338983050847458 0 0 0
"nämlich" 0.0753012048192771 0 0 0 0 0 0
"nasenweis" 0.0753012048192771 0 0 0 0 0 0
"nennen" 0 0 0 0.338983050847458 0 0 0
"neugierig" 0 0 0 0 0 0 0.505050505050505
"neun" 0.0753012048192771 0 0 0 0 0 0
"nieder" 0.0753012048192771 0 0 0 0 0 0
"nu" 0 0 0.194174757281553 0 0 0 0
"nunmehro" 0.0753012048192771 0 0 0 0 0 0
"nutz" 0 0.186567164179104 0 0 0 0 0
"oheim" 0 0 0 0 0 0.425531914893617 0
"ohne" 0 0.186567164179104 0 0 0 0 0
"oper" 0.0753012048192771 0 0 0 0 0 0
"paar" 0 0.186567164179104 0 0 0 0 0
"paris" 0.0753012048192771 0 0 0 0 0 0
"person" 0 0 0.194174757281553 0 0 0 0
"pflanzen" 0 0 0.194174757281553 0 0 0 0
"plagen" 0 0 0 0.338983050847458 0 0 0
"platzregen" 0.0753012048192771 0 0 0 0 0 0
"plaudern" 0.0753012048192771 0 0 0 0 0 0
"post" 0 0 0 0 5.88235294117647 0 0
"preßirt" 0 0 0.194174757281553 0 0 0 0
"princeßinen" 0.0753012048192771 0 0 0 0 0 0
"probe" 0 0.186567164179104 0 0 0 0 0
"prophezeyht" 0.0753012048192771 0 0 0 0 0 0
"propos" 0 0.186567164179104 0 0 0 0 0
"rächen" 0.0753012048192771 0 0 0 0 0 0
"rar" 0.0753012048192771 0 0 0 0 0 0
"rath" 0.0753012048192771 0 0 0 0 0 0
"rechte" 0 0 0.194174757281553 0 0 0 0
"rechtschaffen" 0.0753012048192771 0 0 0 0 0 0
"rede" 0 0 0 0.338983050847458 0 0 0
"reden" 0.0753012048192771 0 0 0 0 0 0
"regnen" 0 0.186567164179104 0 0 0 0 0
"regnet" 0 0.186567164179104 0 0 0 0 0
"reichthum" 0.0753012048192771 0 0 0 0 0 0
"reißen" 0 0 0 0 0 0.425531914893617 0
"reissende" 0.0753012048192771 0 0 0 0 0 0
"reizende" 0 0 0.194174757281553 0 0 0 0
"richtig" 0 0.186567164179104 0 0 0 0 0
"rolle" 0 0.186567164179104 0 0 0 0 0
"romanen" 0.0753012048192771 0 0 0 0 0 0
"rose" 0.0753012048192771 0 0 0 0 0 0
"ruhige" 0.0753012048192771 0 0 0 0 0 0
"sachen" 0.0753012048192771 0 0 0 0 0 0
"sanftmüthig" 0 0 0 0 0 0 0.505050505050505
"scham" 0 0 0 0 0 0.425531914893617 0
"schämen" 0.0753012048192771 0 0 0 0 0 0
"scharmant" 0 0.186567164179104 0 0 0 0 0
"schatz" 0.0753012048192771 0 0 0 0 0 0
"schau" 0 0 0 0.338983050847458 0 0 0
"scheint" 0 0 0.194174757281553 0 0 0 0
"schelm" 0 0 0 0 0 0 0.505050505050505
"schlagen" 0 0 0 0 0 0.425531914893617 0
"schlecht" 0.0753012048192771 0 0 0 0 0 0
"schlechtere" 0 0 0.194174757281553 0 0 0 0
"schlechtes" 0.0753012048192771 0 0 0 0 0 0
"schmeicheln" 0 0 0 0.338983050847458 0 0 0
"schonen" 0 0 0 0 0 0.425531914893617 0
"schönen" 0 0.186567164179104 0 0 0 0 0
"schöner" 0 0.186567164179104 0 0 0 0 0
"schönes" 0.0753012048192771 0 0 0 0 0 0
"schönheit" 0.0753012048192771 0 0 0 0 0 0
"sehnlich" 0.0753012048192771 0 0 0 0 0 0
"seite" 0 0 0.194174757281553 0 0 0 0
"seiten" 0.0753012048192771 0 0 0 0 0 0
"servante" 0 0 0.194174757281553 0 0 0 0
"sessel" 0 0 0.194174757281553 0 0 0 0
"seufzet" 0.0753012048192771 0 0 0 0 0 0
"sicher" 0.0753012048192771 0 0 0 0 0 0
"sieht" 0.0753012048192771 0 0 0 0 0 0
"sinnlich" 0.0753012048192771 0 0 0 0 0 0
"sitzen" 0.0753012048192771 0 0 0 0 0 0
"sollten" 0 0 0.194174757281553 0 0 0 0
"sommer" 0 0.186567164179104 0 0 0 0 0
"sonderbar" 0 0.186567164179104 0 0 0 0 0
"sonderlich" 0 0 0.194174757281553 0 0 0 0
"sonderlichen" 0.0753012048192771 0 0 0 0 0 0
"spielt" 0 0.186567164179104 0 0 0 0 0
"spott" 0 0 0 0 0 0.425531914893617 0
"sprache" 0 0 0 0.338983050847458 0 0 0
"spricht" 0.0753012048192771 0 0 0 0 0 0
"staat" 0 0 0 0.338983050847458 0 0 0
"stellt" 0 0.186567164179104 0 0 0 0 0
"stellung" 0.0753012048192771 0 0 0 0 0 0
"sterbe" 0 0 0 0 0 0.425531914893617 0
"strafbar" 0 0 0 0 0 0 0.505050505050505
"streich" 0 0 0 0 0 0.425531914893617 0
"stunde" 0 0 0.194174757281553 0 0 0 0
"suchen" 0 0 0.194174757281553 0 0 0 0
"sünde" 0 0.186567164179104 0 0 0 0 0
"tag" 0 0.186567164179104 0 0 0 0 0
"tage" 0 0 0 0 0 0 0.505050505050505
"tausch" 0 0 0 0.338983050847458 0 0 0
"tauschen" 0 0 0 0.338983050847458 0 0 0
"tausend" 0.0753012048192771 0 0 0 0 0 0
"tausendmal" 0.0753012048192771 0 0 0 0 0 0
"thun" 0 0 0.194174757281553 0 0 0 0
"thut" 0 0 0.194174757281553 0 0 0 0
"träumen" 0 0 0.194174757281553 0 0 0 0
"traurige" 0.0753012048192771 0 0 0 0 0 0
"treffe" 0 0 0.194174757281553 0 0 0 0
"treu" 0 0 0.194174757281553 0 0 0 0
"triumph" 0.0753012048192771 0 0 0 0 0 0
"triumphiren" 0.0753012048192771 0 0 0 0 0 0
"trösten" 0 0 0 0 0 0.425531914893617 0
"trügt" 0.0753012048192771 0 0 0 0 0 0
"tyrann" 0.0753012048192771 0 0 0 0 0 0
"überhaupt" 0 0 0.194174757281553 0 0 0 0
"umgange" 0.0753012048192771 0 0 0 0 0 0
"umgehen" 0.0753012048192771 0 0 0 0 0 0
"unbeweglich" 0 0 0.194174757281553 0 0 0 0
"unendlichem" 0 0 0 0.338983050847458 0 0 0
"ungefähr" 0.0753012048192771 0 0 0 0 0 0
"ungezwungen" 0.0753012048192771 0 0 0 0 0 0
"unglücklichen" 0 0 0.194174757281553 0 0 0 0
"unglückseligste" 0 0 0 0 0 0.425531914893617 0
"unhöflich" 0.0753012048192771 0 0 0 0 0 0
"unrecht" 0.0753012048192771 0 0 0 0 0 0
"unruhe" 0 0 0 0 0 0.425531914893617 0
"unsere" 0.0753012048192771 0 0 0 0 0 0
"unterhaltung" 0 0 0 0 0 0 0.505050505050505
"unterthänig" 0.0753012048192771 0 0 0 0 0 0
"unterthänige" 0 0.186567164179104 0 0 0 0 0
"unterthäniger" 0 0 0 0.338983050847458 0 0 0
"unvergleichlich" 0 0 0 0.338983050847458 0 0 0
"ursache" 0 0.186567164179104 0 0 0 0 0
"ursachen" 0.0753012048192771 0 0 0 0 0 0
"verabscheue" 0.0753012048192771 0 0 0 0 0 0
"verachte" 0.0753012048192771 0 0 0 0 0 0
"verachtet" 0.0753012048192771 0 0 0 0 0 0
"verbindliches" 0.0753012048192771 0 0 0 0 0 0
"verblühen" 0.0753012048192771 0 0 0 0 0 0
"verbrechen" 0 0 0 0 0 0.425531914893617 0
"verdienen" 0.0753012048192771 0 0 0 0 0 0
"verdient" 0 0.186567164179104 0 0 0 0 0
"verdiente" 0 0 0 0 0 0 0.505050505050505
"vergeben" 0 0 0 0 0 0.425531914893617 0
"vergieb" 0 0.186567164179104 0 0 0 0 0
"verheyrathet" 0.0753012048192771 0 0 0 0 0 0
"verirrung" 0 0 0 0 0 0.425531914893617 0
"verlange" 0.0753012048192771 0 0 0 0 0 0
"verlangen" 0.0753012048192771 0 0 0 0 0 0
"verläßt" 0 0.186567164179104 0 0 0 0 0
"verlegenheit" 0.0753012048192771 0 0 0 0 0 0
"verliebt" 0.0753012048192771 0 0 0 0 0 0
"verluste" 0 0 0 0 0 0.425531914893617 0
"vernünftig" 0 0.186567164179104 0 0 0 0 0
"verrückt" 0 0 0 0.338983050847458 0 0 0
"verschwunden" 0 0 0 0 0 0.425531914893617 0
"versehn" 0 0 0.194174757281553 0 0 0 0
"versichere" 0 0.186567164179104 0 0 0 0 0
"verstehn" 0.0753012048192771 0 0 0 0 0 0
"verstorbener" 0.0753012048192771 0 0 0 0 0 0
"versuchen" 0.0753012048192771 0 0 0 0 0 0
"verweilen" 0.0753012048192771 0 0 0 0 0 0
"vierteljahre" 0.0753012048192771 0 0 0 0 0 0
"vorgenommen" 0.0753012048192771 0 0 0 0 0 0
"vorgesagt" 0.0753012048192771 0 0 0 0 0 0
"vorige" 0 0 0 0 0 0 0.505050505050505
"vortreflich" 0 0.186567164179104 0 0 0 0 0
"votre" 0 0 0.194174757281553 0 0 0 0
"wahre" 0.0753012048192771 0 0 0 0 0 0
"wären" 0 0.186567164179104 0 0 0 0 0
"wärest" 0 0 0 0.338983050847458 0 0 0
"wechsel" 0 0 0 0.338983050847458 0 0 0
"weiden" 0.0753012048192771 0 0 0 0 0 0
"weis" 0 0 0.194174757281553 0 0 0 0
"weitem" 0 0.186567164179104 0 0 0 0 0
"welcher" 0.0753012048192771 0 0 0 0 0 0
"wenden" 0 0 0.194174757281553 0 0 0 0
"werth" 0 0 0 0 0 0 0.505050505050505
"wider" 0.0753012048192771 0 0 0 0 0 0
"widerwillen" 0.0753012048192771 0 0 0 0 0 0
"wiederfahren" 0.0753012048192771 0 0 0 0 0 0
"wien" 0 0.186567164179104 0 0 0 0 0
"wittwen" 0.0753012048192771 0 0 0 0 0 0
"wochen" 0.0753012048192771 0 0 0 0 0 0
"worte" 0 0.186567164179104 0 0 0 0 0
"wundere" 0.0753012048192771 0 0 0 0 0 0
"würden" 0.0753012048192771 0 0 0 0 0 0
"würdiger" 0.0753012048192771 0 0 0 0 0 0
"würklich" 0.0753012048192771 0 0 0 0 0 0
"wußte" 0.0753012048192771 0 0 0 0 0 0
"zärtlich" 0.0753012048192771 0 0 0 0 0 0
"zärtlichen" 0.0753012048192771 0 0 0 0 0 0
"zehnmal" 0 0.186567164179104 0 0 0 0 0
"zeichen" 0 0 0.194174757281553 0 0 0 0
"zeiten" 0.0753012048192771 0 0 0 0 0 0
"zerspringen" 0 0 0.194174757281553 0 0 0 0
"zufall" 0.0753012048192771 0 0 0 0 0 0
"zufrieden" 0 0 0 0.338983050847458 0 0 0
"zwar" 0 0.186567164179104 0 0 0 0 0
"zweifel" 0 0.186567164179104 0 0 0 0 0
"zweifeln" 0.0753012048192771 0 0 0 0 0 0
"zweytemal" 0.0753012048192771 0 0 0 0 0 0
