"rez1" "rez10" "rez11" "rez12" "rez13" "rez14" "rez15" "rez16" "rez17" "rez18" "rez19" "rez2" "rez3" "rez4" "rez5" "rez6" "rez7" "rez8" "rez9"
"und" 2 2.22222222222222 2.83018867924528 1.13636363636364 3.27868852459016 4.44444444444444 4.65116279069767 5.88235294117647 3.21100917431193 3.93258426966292 3.79746835443038 2.29885057471264 0 1.53846153846154 2.56410256410256 1.76991150442478 5.17241379310345 5.26315789473684 3.2258064516129
"es" 0 2.22222222222222 2.83018867924528 5.68181818181818 0 0 5.81395348837209 1.17647058823529 2.75229357798165 2.80898876404494 1.26582278481013 4.59770114942529 0 3.07692307692308 0 0.884955752212389 3.44827586206897 5.26315789473684 2.1505376344086
"ist" 0 2.22222222222222 2.83018867924528 3.40909090909091 1.63934426229508 0 1.16279069767442 1.17647058823529 0.917431192660551 2.24719101123596 3.79746835443038 2.29885057471264 11.1111111111111 1.53846153846154 1.28205128205128 3.53982300884956 1.72413793103448 0 4.3010752688172
"ich" 4 2.22222222222222 0.471698113207547 5.68181818181818 3.27868852459016 2.22222222222222 0 0 1.37614678899083 2.80898876404494 1.26582278481013 1.14942528735632 0 0 2.56410256410256 2.65486725663717 3.44827586206897 7.89473684210526 1.0752688172043
"die" 0 0 2.35849056603774 3.40909090909091 3.27868852459016 4.44444444444444 0 1.17647058823529 3.21100917431193 0.561797752808989 1.26582278481013 1.14942528735632 0 3.07692307692308 2.56410256410256 0.884955752212389 3.44827586206897 0 2.1505376344086
"das" 0 4.44444444444444 1.88679245283019 2.27272727272727 0 2.22222222222222 0 1.17647058823529 1.37614678899083 2.80898876404494 2.53164556962025 1.14942528735632 0 0 1.28205128205128 3.53982300884956 0 2.63157894736842 1.0752688172043
"buch" 2 0 0.943396226415094 2.27272727272727 0 2.22222222222222 3.48837209302326 1.17647058823529 0.917431192660551 1.68539325842697 1.26582278481013 1.14942528735632 11.1111111111111 3.07692307692308 1.28205128205128 2.65486725663717 0 2.63157894736842 2.1505376344086
"auch" 2 2.22222222222222 1.88679245283019 1.13636363636364 1.63934426229508 0 2.32558139534884 1.17647058823529 1.8348623853211 1.68539325842697 1.26582278481013 1.14942528735632 0 3.07692307692308 0 0.884955752212389 1.72413793103448 0 0
"der" 0 4.44444444444444 1.88679245283019 2.27272727272727 3.27868852459016 0 2.32558139534884 0 1.8348623853211 0.561797752808989 0 0 0 0 0 4.42477876106195 1.72413793103448 0 0
"in" 2 0 1.41509433962264 0 0 2.22222222222222 0 0 1.8348623853211 1.12359550561798 2.53164556962025 0 0 1.53846153846154 2.56410256410256 1.76991150442478 3.44827586206897 0 2.1505376344086
"mit" 2 2.22222222222222 1.41509433962264 0 1.63934426229508 2.22222222222222 1.16279069767442 2.35294117647059 0.917431192660551 1.12359550561798 0 3.44827586206897 0 0 2.56410256410256 0.884955752212389 0 0 1.0752688172043
"nicht" 4 2.22222222222222 0.471698113207547 1.13636363636364 1.63934426229508 0 1.16279069767442 0 2.75229357798165 0.561797752808989 1.26582278481013 0 0 1.53846153846154 1.28205128205128 3.53982300884956 0 0 0
"rezension" 2 2.22222222222222 0.471698113207547 1.13636363636364 1.63934426229508 2.22222222222222 1.16279069767442 1.17647058823529 0.458715596330275 0.561797752808989 1.26582278481013 1.14942528735632 11.1111111111111 1.53846153846154 1.28205128205128 0.884955752212389 1.72413793103448 2.63157894736842 1.0752688172043
"zu" 2 0 0.471698113207547 2.27272727272727 1.63934426229508 0 2.32558139534884 1.17647058823529 2.75229357798165 1.12359550561798 0 0 0 3.07692307692308 0 0 0 0 1.0752688172043
"er" 0 0 0.471698113207547 0 0 2.22222222222222 0 0 0 1.12359550561798 0 4.59770114942529 0 1.53846153846154 2.56410256410256 3.53982300884956 0 0 3.2258064516129
"für" 0 0 2.35849056603774 0 0 0 0 1.17647058823529 0.917431192660551 1.12359550561798 2.53164556962025 1.14942528735632 0 0 0 0 1.72413793103448 0 1.0752688172043
"sich" 0 4.44444444444444 0.471698113207547 0 1.63934426229508 4.44444444444444 1.16279069767442 1.17647058823529 1.37614678899083 0 0 1.14942528735632 0 1.53846153846154 0 0 0 0 1.0752688172043
"dass" 0 0 0.943396226415094 0 0 0 3.48837209302326 0 0 1.68539325842697 1.26582278481013 1.14942528735632 0 1.53846153846154 0 0.884955752212389 0 0 1.0752688172043
"ein" 4 0 0.471698113207547 0 0 0 2.32558139534884 1.17647058823529 0 0.561797752808989 0 1.14942528735632 0 1.53846153846154 0 0.884955752212389 1.72413793103448 0 2.1505376344086
"sehr" 2 0 0.943396226415094 1.13636363636364 0 0 0 0 0.458715596330275 1.68539325842697 0 1.14942528735632 0 1.53846153846154 1.28205128205128 0 3.44827586206897 0 0
"dem" 4 2.22222222222222 0.943396226415094 0 1.63934426229508 0 1.16279069767442 0 0.458715596330275 0.561797752808989 0 0 0 1.53846153846154 0 0.884955752212389 0 0 1.0752688172043
"den" 0 2.22222222222222 0.471698113207547 0 0 2.22222222222222 0 0 0.458715596330275 1.12359550561798 1.26582278481013 1.14942528735632 0 1.53846153846154 0 0.884955752212389 3.44827586206897 0 0
"eine" 0 2.22222222222222 0.943396226415094 0 0 2.22222222222222 0 0 1.8348623853211 0.561797752808989 1.26582278481013 1.14942528735632 0 0 0 0.884955752212389 0 0 0
"an" 0 0 0 2.27272727272727 1.63934426229508 0 0 0 0.917431192660551 0.561797752808989 1.26582278481013 0 0 0 0 0 0 5.26315789473684 2.1505376344086
"sein" 0 0 0.943396226415094 0 1.63934426229508 0 1.16279069767442 1.17647058823529 0.458715596330275 1.12359550561798 0 0 11.1111111111111 1.53846153846154 1.28205128205128 0 0 0 0
"aber" 0 2.22222222222222 0.471698113207547 1.13636363636364 0 4.44444444444444 0 1.17647058823529 0 0.561797752808989 0 1.14942528735632 0 3.07692307692308 0 0 0 0 0
"auf" 0 4.44444444444444 1.41509433962264 0 1.63934426229508 0 1.16279069767442 0 0 0.561797752808989 0 0 0 1.53846153846154 0 0.884955752212389 0 0 0
"habe" 0 2.22222222222222 0 1.13636363636364 0 0 0 0 0.458715596330275 1.12359550561798 0 1.14942528735632 0 0 1.28205128205128 0 1.72413793103448 5.26315789473684 0
"hat" 0 0 0.943396226415094 1.13636363636364 0 4.44444444444444 1.16279069767442 0 0 0 0 0 0 1.53846153846154 1.28205128205128 0.884955752212389 1.72413793103448 0 0
"krömer" 0 0 1.41509433962264 0 0 0 0 0 0 1.12359550561798 1.26582278481013 2.29885057471264 0 1.53846153846154 0 0 0 0 1.0752688172043
"kurt" 0 2.22222222222222 1.41509433962264 0 0 0 0 0 0 1.12359550561798 1.26582278481013 1.14942528735632 0 1.53846153846154 0 0 0 0 1.0752688172043
"mir" 0 0 0.471698113207547 2.27272727272727 0 0 1.16279069767442 0 0.917431192660551 0 0 0 0 0 1.28205128205128 0 1.72413793103448 0 2.1505376344086
"so" 0 0 1.41509433962264 0 0 0 1.16279069767442 0 1.37614678899083 0 0 1.14942528735632 0 0 0 1.76991150442478 0 0 0
"einfach" 2 0 0.471698113207547 1.13636363636364 1.63934426229508 0 0 0 0 1.12359550561798 0 1.14942528735632 0 0 0 0 0 0 2.1505376344086
"kann" 0 0 0.471698113207547 1.13636363636364 0 0 2.32558139534884 0 0.917431192660551 0 0 0 0 1.53846153846154 0 0.884955752212389 0 2.63157894736842 0
"von" 0 0 0.471698113207547 1.13636363636364 1.63934426229508 0 1.16279069767442 0 0.458715596330275 0 1.26582278481013 1.14942528735632 0 0 1.28205128205128 0.884955752212389 0 0 0
"nur" 0 0 0.471698113207547 1.13636363636364 1.63934426229508 0 2.32558139534884 0 0 0 0 1.14942528735632 0 0 0 0 0 5.26315789473684 0
"seine" 0 0 0.943396226415094 0 0 2.22222222222222 0 1.17647058823529 0 1.68539325842697 1.26582278481013 0 0 0 0 0 0 0 0
"wie" 0 0 0 0 0 0 0 1.17647058823529 0.917431192660551 0 0 1.14942528735632 0 0 1.28205128205128 0.884955752212389 0 0 2.1505376344086
"als" 0 0 0.471698113207547 1.13636363636364 1.63934426229508 0 0 1.17647058823529 0.458715596330275 0 0 0 11.1111111111111 0 0 0 0 0 1.0752688172043
"einen" 2 0 0.943396226415094 0 0 0 0 0 0 0.561797752808989 0 0 0 0 2.56410256410256 0.884955752212389 0 0 0
"man" 2 0 0.471698113207547 0 0 0 1.16279069767442 1.17647058823529 0 0.561797752808989 0 0 0 1.53846153846154 0 0 0 2.63157894736842 0
"selbst" 2 0 0 0 1.63934426229508 0 0 0 0 0.561797752808989 0 0 0 1.53846153846154 0 0 0 2.63157894736842 2.1505376344086
"thema" 0 0 0.943396226415094 0 0 0 0 2.35294117647059 0.458715596330275 0.561797752808989 0 0 0 0 0 0 0 0 1.0752688172043
"was" 0 0 0.471698113207547 1.13636363636364 1.63934426229508 0 0 0 0 0.561797752808989 0 0 0 1.53846153846154 1.28205128205128 0.884955752212389 0 0 0
"wirklich" 0 0 0.471698113207547 0 1.63934426229508 2.22222222222222 1.16279069767442 0 0 0 0 1.14942528735632 0 0 0 0.884955752212389 0 2.63157894736842 0
"aus" 0 0 0 1.13636363636364 0 0 0 0 0 0 2.53164556962025 1.14942528735632 0 0 0 0 1.72413793103448 0 1.0752688172043
"dann" 0 0 0 0 0 0 0 1.17647058823529 0.458715596330275 0.561797752808989 0 0 0 0 0 0.884955752212389 0 0 2.1505376344086
"depression" 0 0 0 2.27272727272727 0 0 0 0 0.458715596330275 0.561797752808989 0 0 0 0 0 0.884955752212389 0 0 1.0752688172043
"des" 0 0 0.471698113207547 0 1.63934426229508 0 0 0 0 0.561797752808989 0 0 0 1.53846153846154 2.56410256410256 0 0 0 0
"diese" 2 0 0.471698113207547 0 0 0 0 0 0 0.561797752808989 0 0 0 0 1.28205128205128 0 3.44827586206897 0 0
"doch" 0 0 0 1.13636363636364 0 0 0 1.17647058823529 0.458715596330275 0.561797752808989 0 0 0 0 0 0 0 0 2.1505376344086
"einem" 0 0 0.943396226415094 1.13636363636364 0 0 0 0 0.458715596330275 0 0 0 0 0 0 0 0 5.26315789473684 0
"etwas" 0 0 0 1.13636363636364 3.27868852459016 0 0 1.17647058823529 0 0 0 0 0 1.53846153846154 0 0 0 0 1.0752688172043
"hatte" 0 0 0.471698113207547 2.27272727272727 1.63934426229508 0 1.16279069767442 0 0 0.561797752808989 0 0 0 0 0 0 0 0 0
"im" 0 0 0 1.13636363636364 1.63934426229508 2.22222222222222 1.16279069767442 0 0.458715596330275 0 0 0 0 0 1.28205128205128 0 0 0 0
"sollte" 0 0 0 0 0 0 0 1.17647058823529 1.8348623853211 0 0 0 0 1.53846153846154 0 0 0 0 0
"wenn" 2 0 0.471698113207547 1.13636363636364 0 0 1.16279069767442 0 0.458715596330275 0.561797752808989 0 0 0 0 0 0 0 0 0
"wochen" 0 0 0 0 0 0 0 0 0.917431192660551 0 1.26582278481013 0 0 0 0 0.884955752212389 0 0 2.1505376344086
"bei" 2 2.22222222222222 0.471698113207547 0 0 0 0 0 0.458715596330275 0 0 0 0 0 0 0.884955752212389 0 0 0
"dieses" 0 0 0 0 0 0 0 0 0.917431192660551 0.561797752808989 0 1.14942528735632 0 0 1.28205128205128 0 0 0 0
"geschrieben" 0 0 0.943396226415094 1.13636363636364 0 0 0 0 0 0.561797752808989 0 0 0 1.53846153846154 0 0 0 0 0
"gut" 0 0 0 0 0 0 0 1.17647058823529 0 0.561797752808989 0 1.14942528735632 0 0 0 0 1.72413793103448 0 1.0752688172043
"kein" 0 0 0 0 0 0 0 1.17647058823529 0 0.561797752808989 0 1.14942528735632 0 1.53846153846154 0 0.884955752212389 0 0 0
"kinder" 0 0 0.943396226415094 0 1.63934426229508 2.22222222222222 0 0 0 0 0 0 0 0 0 0.884955752212389 0 0 0
"menschen" 0 0 0 0 0 0 1.16279069767442 0 0 0.561797752808989 1.26582278481013 0 0 0 1.28205128205128 0 1.72413793103448 0 0
"noch" 0 0 0.471698113207547 0 1.63934426229508 0 0 0 0.458715596330275 0 0 0 0 0 1.28205128205128 0.884955752212389 0 0 0
"nun" 2 0 0 1.13636363636364 0 0 0 0 0.458715596330275 0 0 0 0 0 1.28205128205128 0 0 0 1.0752688172043
"oder" 0 0 0 1.13636363636364 0 0 0 0 1.37614678899083 0 1.26582278481013 0 0 0 0 0 0 0 0
"um" 0 2.22222222222222 0 1.13636363636364 0 2.22222222222222 1.16279069767442 0 0.458715596330275 0 0 0 0 0 0 0 0 0 0
"bin" 4 0 0 0 0 0 0 0 0 0.561797752808989 0 0 0 0 0 0.884955752212389 0 0 0
"danke" 2 0 0 0 0 0 0 0 0 0 0 1.14942528735632 0 0 0 0 1.72413793103448 0 1.0752688172043
"ehrlich" 0 0 0 0 0 0 0 1.17647058823529 0 0 1.26582278481013 1.14942528735632 0 0 0 0 0 0 1.0752688172043
"klinik" 0 0 0 0 0 0 0 0 0.458715596330275 0 0 0 0 0 0 0.884955752212389 0 0 2.1505376344086
"leider" 0 0 0 2.27272727272727 0 0 0 1.17647058823529 0 0 0 0 0 0 1.28205128205128 0 0 0 0
"nach" 0 0 0 0 0 0 0 0 0.917431192660551 0 0 0 0 0 0 0 1.72413793103448 0 1.0752688172043
"natürlich" 0 0 0 0 1.63934426229508 0 1.16279069767442 0 0 0.561797752808989 0 0 0 1.53846153846154 0 0 0 0 0
"nie" 0 0 0.471698113207547 0 1.63934426229508 0 0 0 0 0 0 1.14942528735632 0 0 1.28205128205128 0 0 0 0
"seiner" 0 0 0 0 0 0 0 2.35294117647059 0 0.561797752808989 0 0 0 0 1.28205128205128 0 0 0 0
"über" 0 0 0 0 0 0 0 0 0.917431192660551 0 2.53164556962025 0 0 0 0 0 0 0 0
"viel" 0 0 0 0 0 0 0 1.17647058823529 0 0.561797752808989 0 1.14942528735632 0 0 0 0 0 2.63157894736842 0
"vor" 0 0 0 0 0 0 0 0 0 1.12359550561798 0 2.29885057471264 0 0 0 0 0 0 0
"wenig" 2 0 0 0 0 0 0 0 0.458715596330275 0.561797752808989 0 0 0 0 0 0 0 0 1.0752688172043
"wird" 0 0 0 0 0 0 1.16279069767442 0 0 1.12359550561798 0 0 0 0 0 0.884955752212389 0 0 0
"allein" 0 0 0 0 0 4.44444444444444 0 0 0 0 0 0 0 0 0 0.884955752212389 0 0 0
"autor" 0 0 0 0 0 0 0 0 0 0 1.26582278481013 0 0 0 0 1.76991150442478 0 0 0
"betroffen" 4 0 0 0 0 0 0 1.17647058823529 0 0 0 0 0 0 0 0 0 0 0
"bis" 0 0 0 0 1.63934426229508 0 1.16279069767442 0 0 0 0 0 0 0 0 0.884955752212389 0 0 0
"da" 0 0 0 0 0 2.22222222222222 0 1.17647058823529 0 0.561797752808989 0 0 0 0 0 0 0 0 0
"darauf" 0 0 1.41509433962264 0 0 0 0 0 0 0 0 0 0 0 0 0 0 0 0
"denn" 2 0 0 0 0 2.22222222222222 0 0 0.458715596330275 0 0 0 0 0 0 0 0 0 0
"depressionen" 0 0 0 0 0 0 0 0 0 0 1.26582278481013 0 0 0 0 0 0 0 2.1505376344086
"deren" 0 0 0.471698113207547 0 0 0 0 0 0.458715596330275 0 1.26582278481013 0 0 0 0 0 0 0 0
"durch" 2 0 0 1.13636363636364 0 0 0 0 0.458715596330275 0 0 0 0 0 0 0 0 0 0
"eher" 0 0 0 1.13636363636364 0 0 0 0 0.458715596330275 0 1.26582278481013 0 0 0 0 0 0 0 0
"einblick" 2 0 0 0 0 0 0 0 0 0.561797752808989 0 0 0 0 0 0 1.72413793103448 0 0
"einer" 0 0 0 0 0 0 0 0 0.458715596330275 0.561797752808989 0 0 0 0 0 0.884955752212389 0 0 0
"eines" 0 0 0 0 0 2.22222222222222 0 0 0.458715596330275 0 0 0 0 0 0 0 0 0 1.0752688172043
"finde" 0 0 0 0 1.63934426229508 0 0 0 0.458715596330275 0 0 0 0 0 0 0 0 0 1.0752688172043
"gegenüber" 0 0 0 0 0 0 0 0 0 0 0 1.14942528735632 0 1.53846153846154 0 0.884955752212389 0 0 0
"hin" 0 0 0.943396226415094 0 0 0 0 0 0 0 1.26582278481013 0 0 0 0 0 0 0 0
"ihm" 0 0 0 0 1.63934426229508 0 1.16279069767442 0 0 0 1.26582278481013 0 0 0 0 0 0 0 0
"jeder" 0 0 0 0 0 0 1.16279069767442 0 0 0 0 0 0 3.07692307692308 0 0 0 0 0
"können" 2 0 0 0 0 0 0 0 0.458715596330275 0 0 0 0 0 1.28205128205128 0 0 0 0
"krankheit" 2 0 0 0 0 0 0 0 0.458715596330275 0 0 0 0 0 0 0 1.72413793103448 0 0
"leben" 0 0 0 1.13636363636364 0 0 0 0 0.917431192660551 0 0 0 0 0 0 0 0 0 0
"lektüre" 0 0 0 0 0 0 0 0 0.917431192660551 0.561797752808989 0 0 0 0 0 0 0 0 0
"lesen" 2 0 0 0 0 0 0 0 0 0.561797752808989 0 0 0 1.53846153846154 0 0 0 0 0
"mehr" 0 0 0.471698113207547 0 0 0 1.16279069767442 0 0.458715596330275 0 0 0 0 0 0 0 0 0 0
"mich" 0 0 0.471698113207547 1.13636363636364 0 0 0 0 0.458715596330275 0 0 0 0 0 0 0 0 0 0
"möchte" 2 0 0.943396226415094 0 0 0 0 0 0 0 0 0 0 0 0 0 0 0 0
"mutter" 0 0 0.471698113207547 0 0 4.44444444444444 0 0 0 0 0 0 0 0 0 0 0 0 0
"offen" 0 0 0 0 0 0 0 0 0 0 1.26582278481013 1.14942528735632 0 0 0 0 0 0 1.0752688172043
"promi" 0 0 0 0 1.63934426229508 0 1.16279069767442 0 0 0 0 0 0 0 0 0.884955752212389 0 0 0
"recht" 0 0 0.471698113207547 0 0 0 0 0 0 1.12359550561798 0 0 0 0 0 0 0 0 0
"seinem" 0 0 0.471698113207547 0 0 0 0 0 0.458715596330275 0 0 0 0 0 0 0 0 0 1.0752688172043
"sie" 0 2.22222222222222 0 0 0 0 0 0 0.458715596330275 0 0 0 0 0 0 0 1.72413793103448 0 0
"situation" 0 0 0 0 0 0 0 0 0 0.561797752808989 0 0 0 1.53846153846154 0 0 1.72413793103448 0 0
"tagen" 0 0 0.471698113207547 0 0 0 0 0 0 0 0 0 0 0 1.28205128205128 0 1.72413793103448 0 0
"vielen" 0 0 0 1.13636363636364 0 0 0 0 0 0.561797752808989 0 0 0 1.53846153846154 0 0 0 0 0
"wieder" 0 0 0 0 0 0 0 0 0 0.561797752808989 0 0 0 0 1.28205128205128 0 0 0 1.0752688172043
"zum" 0 0 0.471698113207547 0 0 0 0 1.17647058823529 0 0.561797752808989 0 0 0 0 0 0 0 0 0
"zur" 0 0 0 0 0 0 0 1.17647058823529 0 0 1.26582278481013 0 0 0 0 0.884955752212389 0 0 0
"alexander" 0 0 0 0 0 0 0 0 0 0 1.26582278481013 0 0 0 0 0 0 0 1.0752688172043
"allen" 0 0 0 0 0 0 0 0 0 0 0 1.14942528735632 0 0 0 0 1.72413793103448 0 0
"allerdings" 0 0 0 0 0 0 0 0 0 0 1.26582278481013 0 0 0 0 0 0 0 1.0752688172043
"andere" 0 0 0 0 0 0 0 0 0 0 2.53164556962025 0 0 0 0 0 0 0 0
"anderen" 0 0 0 0 0 0 0 0 0 0 0 0 0 0 1.28205128205128 0 1.72413793103448 0 0
"anders" 0 0 0 0 0 0 0 0 0 0 0 0 0 0 2.56410256410256 0 0 0 0
"bekommen" 2 0 0 0 0 0 1.16279069767442 0 0 0 0 0 0 0 0 0 0 0 0
"betroffene" 0 0 0 0 0 0 0 0 0 0 1.26582278481013 0 0 0 0 0 0 0 1.0752688172043
"betroffenen" 0 0 0 0 0 0 0 0 0 0 0 0 0 0 0 0 0 2.63157894736842 1.0752688172043
"bojcan" 0 0 0 0 0 0 0 0 0 0 1.26582278481013 0 0 0 0 0 0 0 1.0752688172043
"dargestellt" 0 0 0 0 0 0 0 0 0 0.561797752808989 0 0 0 0 0 0 0 0 1.0752688172043
"dennoch" 0 0 0 0 0 0 0 0 0 0.561797752808989 0 0 0 0 0 0 0 0 1.0752688172043
"depressive" 0 0 0 0 0 0 0 0 0.917431192660551 0 0 0 0 0 0 0 0 0 0
"depressiven" 0 0 0 0 0 0 0 0 0.458715596330275 0 0 0 0 0 0 0.884955752212389 0 0 0
"diesem" 0 0 0 0 0 0 0 1.17647058823529 0.458715596330275 0 0 0 0 0 0 0 0 0 0
"ehrlichkeit" 0 0 0 0 0 0 0 0 0 0 0 1.14942528735632 0 1.53846153846154 0 0 0 0 0
"empfehlen" 0 0 0 1.13636363636364 0 0 0 0 0 0 0 0 0 0 0 0 0 2.63157894736842 0
"fehlt" 0 0 0 1.13636363636364 0 0 0 0 0 0 0 0 0 0 0 0 0 0 1.0752688172043
"gar" 0 0 0.471698113207547 0 0 0 0 0 0 0 1.26582278481013 0 0 0 0 0 0 0 0
"gefallen" 0 0 0 0 0 0 0 0 0 0 0 0 0 0 1.28205128205128 0 1.72413793103448 0 0
"gefreut" 0 0 0.471698113207547 1.13636363636364 0 0 0 0 0 0 0 0 0 0 0 0 0 0 0
"geheilt" 0 0 0 0 0 0 0 0 0 0 0 0 0 0 0 0.884955752212389 0 0 1.0752688172043
"gekauft" 0 0 0 0 0 0 0 1.17647058823529 0 0.561797752808989 0 0 0 0 0 0 0 0 0
"gelesen" 0 0 0 0 0 0 0 0 0.458715596330275 0 0 0 0 0 1.28205128205128 0 0 0 0
"genauso" 0 0 0 0 0 0 0 1.17647058823529 0 0 0 0 0 0 0 0 1.72413793103448 0 0
"gesehen" 0 0 0.471698113207547 0 0 0 0 0 0 0.561797752808989 0 0 0 0 0 0 0 0 0
"ging" 0 0 0 0 0 0 0 0 0 0.561797752808989 0 0 0 0 0 0.884955752212389 0 0 0
"helfen" 2 0 0 0 0 0 0 0 0.458715596330275 0 0 0 0 0 0 0 0 0 0
"hilfe" 0 0 0 0 0 0 0 1.17647058823529 0.458715596330275 0 0 0 0 0 0 0 0 0 0
"ihn" 0 0 0 0 0 0 0 0 0 0 0 0 0 0 2.56410256410256 0 0 0 0
"interessiert" 0 0 0 0 0 0 1.16279069767442 0 0.458715596330275 0 0 0 0 0 0 0 0 0 0
"ja" 0 0 0 0 0 0 1.16279069767442 0 0 0 1.26582278481013 0 0 0 0 0 0 0 0
"jahren" 0 0 0 0 0 0 0 0 0 0.561797752808989 0 0 0 0 0 0 0 0 1.0752688172043
"jedem" 0 2.22222222222222 0 0 0 0 0 0 0 0 0 0 0 0 0 0 0 2.63157894736842 0
"jetzt" 0 0 0 0 0 0 0 0 0.458715596330275 0 0 0 0 0 0 0 0 2.63157894736842 0
"kaum" 0 0 0 0 0 0 0 0 0 0 1.26582278481013 0 0 0 0 0.884955752212389 0 0 0
"keinen" 0 2.22222222222222 0 0 0 0 1.16279069767442 0 0 0 0 0 0 0 0 0 0 0 0
"kinderfrau" 0 0 0 0 0 2.22222222222222 0 0 0 0 0 0 0 0 0 0.884955752212389 0 0 0
"kranken" 0 0 0 0 0 0 0 0 0.917431192660551 0 0 0 0 0 0 0 0 0 0
"kuchen" 0 0 0.943396226415094 0 0 0 0 0 0 0 0 0 0 0 0 0 0 0 0
"kümmert" 0 0 0.471698113207547 0 0 2.22222222222222 0 0 0 0 0 0 0 0 0 0 0 0 0
"kunstfigur" 0 0 0 0 0 0 0 0 0.458715596330275 0.561797752808989 0 0 0 0 0 0 0 0 0
"lässt" 0 2.22222222222222 0 0 0 0 0 0 0.458715596330275 0 0 0 0 0 0 0 0 0 0
"lebensstil" 0 0 0.471698113207547 1.13636363636364 0 0 0 0 0 0 0 0 0 0 0 0 0 0 0
"mag" 0 0 0 0 0 0 0 0 0.458715596330275 0 0 0 0 0 1.28205128205128 0 0 0 0
"mal" 0 0 0 1.13636363636364 0 0 0 0 0.458715596330275 0 0 0 0 0 0 0 0 0 0
"meiner" 0 0 0 0 0 0 0 0 0 0 2.53164556962025 0 0 0 0 0 0 0 0
"niemand" 0 0 0 0 0 0 0 0 0.917431192660551 0 0 0 0 0 0 0 0 0 0
"rechtfertigen" 0 0 0 0 0 0 0 0 0.458715596330275 0.561797752808989 0 0 0 0 0 0 0 0 0
"s" 0 2.22222222222222 0 0 0 0 0 0 0 0 0 1.14942528735632 0 0 0 0 0 0 0
"scheint" 0 0 0 0 0 0 1.16279069767442 0 0.458715596330275 0 0 0 0 0 0 0 0 0 0
"schlecht" 0 0 0.471698113207547 0 0 0 0 1.17647058823529 0 0 0 0 0 0 0 0 0 0 0
"schon" 0 0 0 0 0 0 0 0 0 0 0 2.29885057471264 0 0 0 0 0 0 0
"schonungslos" 0 0 0 0 0 0 0 0 0 0 0 1.14942528735632 0 0 0 0 0 0 1.0752688172043
"schreiben" 0 0 0 0 0 0 2.32558139534884 0 0 0 0 0 0 0 0 0 0 0 0
"schweren" 0 0 0 0 0 0 0 0 0 0 1.26582278481013 0 0 0 0 0.884955752212389 0 0 0
"seiten" 0 0 0.471698113207547 0 0 0 0 1.17647058823529 0 0 0 0 0 0 0 0 0 0 0
"sicht" 0 0 0 0 0 0 0 0 0 0 1.26582278481013 0 0 0 0 0 0 0 1.0752688172043
"sind" 2 0 0 0 0 0 0 1.17647058823529 0 0 0 0 0 0 0 0 0 0 0
"steht" 0 0 0 0 0 0 1.16279069767442 0 0 0.561797752808989 0 0 0 0 0 0 0 0 0
"stellen" 0 0 0 1.13636363636364 0 0 0 0 0 0.561797752808989 0 0 0 0 0 0 0 0 0
"tag" 0 0 0 1.13636363636364 0 0 0 0 0 0 0 0 0 0 0 0 0 2.63157894736842 0
"tiefgang" 0 0 0.471698113207547 0 0 0 0 0 0 0 0 0 0 0 0 0 0 0 1.0752688172043
"tut" 0 2.22222222222222 0 0 0 0 0 0 0 0 0 0 0 1.53846153846154 0 0 0 0 0
"überhaupt" 0 0 0 0 0 0 1.16279069767442 0 0 0 0 0 0 0 1.28205128205128 0 0 0 0
"urlaub" 0 0 0.471698113207547 0 0 2.22222222222222 0 0 0 0 0 0 0 0 0 0 0 0 0
"vom" 0 0 0 0 0 0 0 0 0 0 0 0 0 0 0 1.76991150442478 0 0 0
"war" 0 0 0 1.13636363636364 0 0 0 0 0 0 0 1.14942528735632 0 0 0 0 0 0 0
"weg" 0 0 0 0 0 0 0 0 0 0 0 1.14942528735632 0 0 0 0 0 0 1.0752688172043
"werden" 0 0 0.471698113207547 0 0 0 0 0 0.458715596330275 0 0 0 0 0 0 0 0 0 0
"wirkt" 0 0 0 0 0 0 0 0 0 1.12359550561798 0 0 0 0 0 0 0 0 0
"ziemlich" 0 0 0.471698113207547 0 0 0 0 0 0 0 0 0 0 0 0 0.884955752212389 0 0 0
"zudem" 0 0 0.471698113207547 0 0 2.22222222222222 0 0 0 0 0 0 0 0 0 0 0 0 0
"ab" 0 0 0 0 0 0 0 0 0 0 0 1.14942528735632 0 0 0 0 0 0 0
"abbruch" 0 2.22222222222222 0 0 0 0 0 0 0 0 0 0 0 0 0 0 0 0 0
"abspielen" 0 2.22222222222222 0 0 0 0 0 0 0 0 0 0 0 0 0 0 0 0 0
"abstand" 0 0 0 0 0 0 0 1.17647058823529 0 0 0 0 0 0 0 0 0 0 0
"acht" 0 0 0 0 0 0 0 0 0 0 0 0 0 0 0 0.884955752212389 0 0 0
"aktuellen" 0 0 0 0 0 0 0 0 0 0 0 0 0 1.53846153846154 0 0 0 0 0
"alkoholmissbrauch" 0 0 0 0 0 0 0 0 0.458715596330275 0 0 0 0 0 0 0 0 0 0
"alleine" 0 0 0 0 0 0 0 0 0.458715596330275 0 0 0 0 0 0 0 0 0 0
"alleinerziehend" 0 0 0.471698113207547 0 0 0 0 0 0 0 0 0 0 0 0 0 0 0 0
"alleinerziehenden" 0 0 0 0 0 0 0 0 0 0 0 0 0 0 0 0.884955752212389 0 0 0
"alleinerziehender" 0 0 0.471698113207547 0 0 0 0 0 0 0 0 0 0 0 0 0 0 0 0
"allem" 0 0 0 0 0 0 0 0 0 0.561797752808989 0 0 0 0 0 0 0 0 0
"alles" 0 0 0 0 0 0 0 0 0 0 0 0 0 0 0 0 0 0 1.0752688172043
"also" 0 2.22222222222222 0 0 0 0 0 0 0 0 0 0 0 0 0 0 0 0 0
"angehörige" 0 0 0 0 0 0 0 0 0 0 1.26582278481013 0 0 0 0 0 0 0 0
"angepasst" 0 0 0.471698113207547 0 0 0 0 0 0 0 0 0 0 0 0 0 0 0 0
"anhänger" 0 0 0 0 0 0 0 1.17647058823529 0 0 0 0 0 0 0 0 0 0 0
"ankündigung" 0 0 0 0 0 0 0 0 0 0 0 1.14942528735632 0 0 0 0 0 0 0
"anregend" 0 0 0 0 0 0 0 0 0 0 1.26582278481013 0 0 0 0 0 0 0 0
"anregende" 0 0 0 0 0 0 0 0 0 0.561797752808989 0 0 0 0 0 0 0 0 0
"ansonsten" 0 0 0 0 0 0 0 0 0 0.561797752808989 0 0 0 0 0 0 0 0 0
"anstrengenden" 0 0 0 1.13636363636364 0 0 0 0 0 0 0 0 0 0 0 0 0 0 0
"anzugehen" 0 0 0 0 0 0 0 0 0 0 0 0 0 0 0 0 1.72413793103448 0 0
"anzunehmen" 0 0 0 0 0 0 0 0 0 0 0 0 0 0 0 0 1.72413793103448 0 0
"art" 0 0 0 0 0 0 0 0 0.458715596330275 0 0 0 0 0 0 0 0 0 0
"aufarbeitung" 0 0 0 0 0 0 0 0 0 0.561797752808989 0 0 0 0 0 0 0 0 0
"aufhören" 2 0 0 0 0 0 0 0 0 0 0 0 0 0 0 0 0 0 0
"aufmerksamkeit" 0 0 0.471698113207547 0 0 0 0 0 0 0 0 0 0 0 0 0 0 0 0
"aufs" 0 0 0.471698113207547 0 0 0 0 0 0 0 0 0 0 0 0 0 0 0 0
"auge" 0 0 0.471698113207547 0 0 0 0 0 0 0 0 0 0 0 0 0 0 0 0
"augen" 0 0 0 0 0 0 0 0 0 0 0 0 0 0 1.28205128205128 0 0 0 0
"ausdrucksweise" 0 0 0 0 0 0 0 1.17647058823529 0 0 0 0 0 0 0 0 0 0 0
"ausgehen" 0 0 0 0 0 0 0 0 0 0 0 0 0 0 0 0.884955752212389 0 0 0
"authentisch" 0 0 0 0 0 0 0 1.17647058823529 0 0 0 0 0 0 0 0 0 0 0
"autors" 0 0 0.471698113207547 0 0 0 0 0 0 0 0 0 0 0 0 0 0 0 0
"autos" 0 0 0 0 0 0 0 0 0 0 0 0 0 1.53846153846154 0 0 0 0 0
"bedeutet" 0 0 0 0 1.63934426229508 0 0 0 0 0 0 0 0 0 0 0 0 0 0
"befindlichkeiten" 0 0 0.471698113207547 0 0 0 0 0 0 0 0 0 0 0 0 0 0 0 0
"behandlung" 0 0 0.471698113207547 0 0 0 0 0 0 0 0 0 0 0 0 0 0 0 0
"beigeschmack" 0 0 0 0 0 0 0 0 0 0 0 0 0 0 1.28205128205128 0 0 0 0
"beim" 0 0 0 0 0 0 0 0 0 0 0 0 0 0 0 0.884955752212389 0 0 0
"bekannte" 0 0 0 0 0 0 1.16279069767442 0 0 0 0 0 0 0 0 0 0 0 0
"bekommt" 0 0 0.471698113207547 0 0 0 0 0 0 0 0 0 0 0 0 0 0 0 0
"benötigten" 0 0 0 0 0 0 0 1.17647058823529 0 0 0 0 0 0 0 0 0 0 0
"berühmte" 0 0 0 0 0 0 0 0 0 0 0 0 0 0 1.28205128205128 0 0 0 0
"berührendes" 0 0 0 0 0 0 0 0 0 0 0 0 0 1.53846153846154 0 0 0 0 0
"beschreibt" 0 0 0 0 0 0 0 0 0 0.561797752808989 0 0 0 0 0 0 0 0 0
"beschreibung" 0 0 0 0 0 0 0 0 0 0 0 0 0 0 0 0.884955752212389 0 0 0
"beschrieben" 0 0 0 0 0 0 0 0 0 0 0 0 0 0 0 0.884955752212389 0 0 0
"beschriebene" 0 0 0 0 0 0 0 0 0 0 1.26582278481013 0 0 0 0 0 0 0 0
"bestellt" 0 0 0.471698113207547 0 0 0 0 0 0 0 0 0 0 0 0 0 0 0 0
"bestellung" 0 2.22222222222222 0 0 0 0 0 0 0 0 0 0 0 0 0 0 0 0 0
"bestimmt" 0 0 0 0 0 0 0 0 0 0.561797752808989 0 0 0 0 0 0 0 0 0
"bezeichnen" 0 0 0 0 1.63934426229508 0 0 0 0 0 0 0 0 0 0 0 0 0 0
"bild" 0 0 0 0 0 0 0 0 0 0 0 1.14942528735632 0 0 0 0 0 0 0
"bitte" 0 0 0 0 1.63934426229508 0 0 0 0 0 0 0 0 0 0 0 0 0 0
"blatt" 0 0 0 0 0 0 0 0 0 0 0 1.14942528735632 0 0 0 0 0 0 0
"blickpunkt" 0 0 0.471698113207547 0 0 0 0 0 0 0 0 0 0 0 0 0 0 0 0
"breite" 0 0 0 0 0 0 0 0 0.458715596330275 0 0 0 0 0 0 0 0 0 0
"buches" 0 0 0 0 0 0 0 0 0 0 0 0 0 0 1.28205128205128 0 0 0 0
"bühnenkunst" 0 0 0 0 0 0 0 1.17647058823529 0 0 0 0 0 0 0 0 0 0 0
"cd" 0 2.22222222222222 0 0 0 0 0 0 0 0 0 0 0 0 0 0 0 0 0
"charme" 0 0 0 0 0 0 0 0 0 0 0 0 0 1.53846153846154 0 0 0 0 0
"chez-krömer" 0 0 0 0 0 0 0 1.17647058823529 0 0 0 0 0 0 0 0 0 0 0
"community" 0 0 0 0 0 0 0 0 0 0 0 0 0 0 1.28205128205128 0 0 0 0
"cover" 0 0 0 0 1.63934426229508 0 0 0 0 0 0 0 0 0 0 0 0 0 0
"dafür" 0 0 0 0 0 0 1.16279069767442 0 0 0 0 0 0 0 0 0 0 0 0
"dahin" 0 0 0 0 1.63934426229508 0 0 0 0 0 0 0 0 0 0 0 0 0 0
"damit" 0 0 0 0 0 0 0 0 0 0 0 1.14942528735632 0 0 0 0 0 0 0
"danach" 0 0 0 0 0 0 0 0 0.458715596330275 0 0 0 0 0 0 0 0 0 0
"daneben" 0 0 0 0 1.63934426229508 0 0 0 0 0 0 0 0 0 0 0 0 0 0
"dank" 0 0 0 0 0 0 0 0 0 0 0 0 0 1.53846153846154 0 0 0 0 0
"dankbar" 2 0 0 0 0 0 0 0 0 0 0 0 0 0 0 0 0 0 0
"darstellt" 0 0 0 0 0 0 0 0 0 0.561797752808989 0 0 0 0 0 0 0 0 0
"darum" 0 0 0 0 0 0 0 0 0 0.561797752808989 0 0 0 0 0 0 0 0 0
"daten-cd" 0 2.22222222222222 0 0 0 0 0 0 0 0 0 0 0 0 0 0 0 0 0
"dazu" 0 0 0.471698113207547 0 0 0 0 0 0 0 0 0 0 0 0 0 0 0 0
"denke" 0 0 0 0 0 0 0 0 0 0.561797752808989 0 0 0 0 0 0 0 0 0
"denken" 0 0 0 0 0 0 0 0 0 0 0 0 0 0 1.28205128205128 0 0 0 0
"denkt" 0 0 0 0 1.63934426229508 0 0 0 0 0 0 0 0 0 0 0 0 0 0
"details" 0 0 0 0 0 0 0 0 0 0.561797752808989 0 0 0 0 0 0 0 0 0
"deutlich" 0 0 0 0 0 0 0 1.17647058823529 0 0 0 0 0 0 0 0 0 0 0
"dienen" 0 0 0 0 0 0 0 1.17647058823529 0 0 0 0 0 0 0 0 0 0 0
"dieser" 0 0 0 0 0 0 0 0 0.458715596330275 0 0 0 0 0 0 0 0 0 0
"dinge" 0 0 0 0 0 0 0 0 0 0 0 1.14942528735632 0 0 0 0 0 0 0
"distanz" 0 0 0 0 0 0 0 0 0.458715596330275 0 0 0 0 0 0 0 0 0 0
"drei" 0 0 0 0 0 0 0 0 0 0 0 0 0 0 1.28205128205128 0 0 0 0
"drücken" 0 0 0.471698113207547 0 0 0 0 0 0 0 0 0 0 0 0 0 0 0 0
"du" 0 0 0 0 0 0 0 0 0 0 0 0 0 0 0 0 0 0 1.0752688172043
"durchgelesen" 0 0 0 0 0 0 0 0 0 0 0 0 0 0 0 0 0 2.63157894736842 0
"eben" 0 0 0 0 0 0 1.16279069767442 0 0 0 0 0 0 0 0 0 0 0 0
"ebenfalls" 0 0 0 0 0 0 0 1.17647058823529 0 0 0 0 0 0 0 0 0 0 0
"ecke" 0 0 0 0 0 0 0 0 0 0 0 0 0 0 1.28205128205128 0 0 0 0
"egal" 0 0 0 0 0 0 0 0 0 0 0 0 0 0 1.28205128205128 0 0 0 0
"egomanen" 0 0 0 0 0 2.22222222222222 0 0 0 0 0 0 0 0 0 0 0 0 0
"ehrlichen" 0 0 0 0 0 0 0 1.17647058823529 0 0 0 0 0 0 0 0 0 0 0
"ehrliches" 0 0 0 0 0 0 0 0 0 0 0 0 0 1.53846153846154 0 0 0 0 0
"eigentlich" 0 0 0 0 0 0 0 0 0 0 0 0 0 0 0 0 0 2.63157894736842 0
"eigentlichen" 0 0 0 0 0 0 0 0 0 0.561797752808989 0 0 0 0 0 0 0 0 0
"einblicke" 0 0 0 0 0 0 0 0 0.458715596330275 0 0 0 0 0 0 0 0 0 0
"einiger" 0 0 0 0 0 0 0 0 0 0 0 1.14942528735632 0 0 0 0 0 0 0
"einmal" 0 0 0 0 0 0 0 0 0 0 0 0 0 0 0 0.884955752212389 0 0 0
"eins" 0 0 0 0 0 0 0 0 0 0 0 0 0 0 0 0.884955752212389 0 0 0
"einschätzung" 0 0 0 0 0 0 0 0 0 0 1.26582278481013 0 0 0 0 0 0 0 0
"einseitigkeit" 0 0 0 0 0 0 0 0 0 0 0 0 0 0 1.28205128205128 0 0 0 0
"einstecktuch" 0 0 0 0 1.63934426229508 0 0 0 0 0 0 0 0 0 0 0 0 0 0
"einstellung" 0 0 0 0 0 0 0 0 0 0 0 0 0 0 1.28205128205128 0 0 0 0
"einzigartigen" 0 0 0 0 0 0 0 0 0 0.561797752808989 0 0 0 0 0 0 0 0 0
"empathie-ersatz" 0 0 0 0 0 0 0 0 0.458715596330275 0 0 0 0 0 0 0 0 0 0
"empathisch" 0 0 0 0 0 0 0 0 0 0 0 0 0 1.53846153846154 0 0 0 0 0
"ende" 0 0 0 0 0 0 0 0 0 0 0 0 0 0 1.28205128205128 0 0 0 0
"endlich" 0 0 0 1.13636363636364 0 0 0 0 0 0 0 0 0 0 0 0 0 0 0
"entäuscht" 0 0 0 0 0 0 0 1.17647058823529 0 0 0 0 0 0 0 0 0 0 0
"entfernt" 0 0 0.471698113207547 0 0 0 0 0 0 0 0 0 0 0 0 0 0 0 0
"entspringt" 0 0 0 0 0 0 0 0 0.458715596330275 0 0 0 0 0 0 0 0 0 0
"enttäuschend" 0 0 0.471698113207547 0 0 0 0 0 0 0 0 0 0 0 0 0 0 0 0
"enttäuscht" 0 0 0 0 0 0 0 0 0 0 0 0 0 0 0 0.884955752212389 0 0 0
"enttäuschung" 0 0 0.471698113207547 0 0 0 0 0 0 0 0 0 0 0 0 0 0 0 0
"entwicklung" 0 0 0 0 0 0 0 0 0 0 1.26582278481013 0 0 0 0 0 0 0 0
"erfahren" 0 0 0 0 0 0 0 0 0 0.561797752808989 0 0 0 0 0 0 0 0 0
"erhofft" 0 0 0 0 0 0 1.16279069767442 0 0 0 0 0 0 0 0 0 0 0 0
"erkenntnisse" 0 0 0 0 0 0 1.16279069767442 0 0 0 0 0 0 0 0 0 0 0 0
"erkrankung" 0 0 0 0 0 0 0 0 0.458715596330275 0 0 0 0 0 0 0 0 0 0
"erkundigt" 0 0 0 0 0 0 0 0 0.458715596330275 0 0 0 0 0 0 0 0 0 0
"ernste" 0 2.22222222222222 0 0 0 0 0 0 0 0 0 0 0 0 0 0 0 0 0
"erscheint" 0 0 0 0 0 0 0 0 0.458715596330275 0 0 0 0 0 0 0 0 0 0
"erscheinungen" 0 0 0 0 0 0 0 0 0.458715596330275 0 0 0 0 0 0 0 0 0 0
"erwähnt" 0 0 0.471698113207547 0 0 0 0 0 0 0 0 0 0 0 0 0 0 0 0
"erwähnten" 0 0 0 0 0 0 0 0 0 0 0 1.14942528735632 0 0 0 0 0 0 0
"erwartungen" 0 0 0 0 0 0 0 1.17647058823529 0 0 0 0 0 0 0 0 0 0 0
"erzähle" 0 0 0 1.13636363636364 0 0 0 0 0 0 0 0 0 0 0 0 0 0 0
"erzählt" 0 0 0 0 0 0 0 0 0 0 0 0 0 0 0 0.884955752212389 0 0 0
"erzählung" 0 0 0 0 0 0 0 1.17647058823529 0 0 0 0 0 0 0 0 0 0 0
"erziehend" 0 0 0 0 0 2.22222222222222 0 0 0 0 0 0 0 0 0 0 0 0 0
"erziehende" 0 0 0 0 0 2.22222222222222 0 0 0 0 0 0 0 0 0 0 0 0 0
"essen" 0 0 0.471698113207547 0 0 0 0 0 0 0 0 0 0 0 0 0 0 0 0
"etwa" 0 0 0 0 0 0 0 0 0 0.561797752808989 0 0 0 0 0 0 0 0 0
"ewig" 0 0 0 0 0 0 1.16279069767442 0 0 0 0 0 0 0 0 0 0 0 0
"extrem" 0 0 0.471698113207547 0 0 0 0 0 0 0 0 0 0 0 0 0 0 0 0
"extreme" 0 0 0 0 0 0 0 0 0 0 0 0 0 0 1.28205128205128 0 0 0 0
"facette" 0 0 0 0 0 0 0 0 0.458715596330275 0 0 0 0 0 0 0 0 0 0
"fachmann" 0 0 0 0 0 0 0 0 0.458715596330275 0 0 0 0 0 0 0 0 0 0
"faden" 0 0 0 0 0 0 0 0 0 0 0 0 0 0 1.28205128205128 0 0 0 0
"fährt" 0 0 0 0 0 2.22222222222222 0 0 0 0 0 0 0 0 0 0 0 0 0
"fand" 0 0 0 0 0 0 0 0 0 0.561797752808989 0 0 0 0 0 0 0 0 0
"fans" 0 0 0 0 0 0 0 0 0 0.561797752808989 0 0 0 0 0 0 0 0 0
"fast" 0 0 0 0 0 0 0 0 0 0.561797752808989 0 0 0 0 0 0 0 0 0
"feingeschnippelter" 0 0 0 0 0 0 0 0 0 0 0 1.14942528735632 0 0 0 0 0 0 0
"figur" 0 0 0 0 0 0 0 0 0.458715596330275 0 0 0 0 0 0 0 0 0 0
"finger" 0 0 0 0 0 0 0 0 0.458715596330275 0 0 0 0 0 0 0 0 0 0
"flucht" 0 0 0 0 0 0 0 0 0 0 0 0 0 0 0 0 1.72413793103448 0 0
"folgen" 0 0 0 0 0 0 0 1.17647058823529 0 0 0 0 0 0 0 0 0 0 0
"folgende" 0 0 0.471698113207547 0 0 0 0 0 0 0 0 0 0 0 0 0 0 0 0
"forward" 0 0 0 0 0 0 0 0 0 0 0 0 0 0 0 0 1.72413793103448 0 0
"früher" 0 0 0 0 0 0 0 0 0 0 0 1.14942528735632 0 0 0 0 0 0 0
"funktioniert" 0 0 0 0 0 0 0 0 0.458715596330275 0 0 0 0 0 0 0 0 0 0
"fürs" 0 0 0 0 0 0 0 0 0 0.561797752808989 0 0 0 0 0 0 0 0 0
"gab" 0 0 0 0 0 0 0 0 0 0 0 1.14942528735632 0 0 0 0 0 0 0
"ganze" 0 0 0 0 0 0 0 0 0 0.561797752808989 0 0 0 0 0 0 0 0 0
"gebracht" 0 0 0 0 0 0 1.16279069767442 0 0 0 0 0 0 0 0 0 0 0 0
"geburtstagskuchen" 0 0 0.471698113207547 0 0 0 0 0 0 0 0 0 0 0 0 0 0 0 0
"gedruckte" 0 0 0 0 0 0 0 1.17647058823529 0 0 0 0 0 0 0 0 0 0 0
"gefühl" 0 0 0 0 0 0 0 0 0 0.561797752808989 0 0 0 0 0 0 0 0 0
"geführt" 0 0 0 0 0 0 0 0 0 0 0 0 0 0 0 0.884955752212389 0 0 0
"geh" 0 0 0 0 0 0 0 0 0.458715596330275 0 0 0 0 0 0 0 0 0 0
"gehe" 0 0 0 0 0 0 0 0 0 0 0 0 0 0 0 0 0 0 1.0752688172043
"geholfen" 0 0 0 0 0 0 1.16279069767442 0 0 0 0 0 0 0 0 0 0 0 0
"gehört" 0 0 0 0 1.63934426229508 0 0 0 0 0 0 0 0 0 0 0 0 0 0
"geht" 0 0 0 1.13636363636364 0 0 0 0 0 0 0 0 0 0 0 0 0 0 0
"gelacht" 0 0 0 0 0 0 0 0 0 0 0 0 0 0 0 0 0 2.63157894736842 0
"geld" 0 0 0 0 0 0 1.16279069767442 0 0 0 0 0 0 0 0 0 0 0 0
"gelernt" 0 0 0 0 0 0 0 0 0 0 0 0 0 0 0 0 0 2.63157894736842 0
"gelingen" 0 0 0 0 0 0 0 0 0.458715596330275 0 0 0 0 0 0 0 0 0 0
"gemacht" 0 0 0 0 0 0 0 1.17647058823529 0 0 0 0 0 0 0 0 0 0 0
"gerade" 0 0 0 0 0 0 0 0 0 0 0 0 0 1.53846153846154 0 0 0 0 0
"gerechnet" 0 0 0 0 0 0 0 0 0 0 0 1.14942528735632 0 0 0 0 0 0 0
"gern" 0 0 0 0 0 0 0 0 0 0.561797752808989 0 0 0 0 0 0 0 0 0
"geschehen" 0 0 0 0 0 0 0 0 0.458715596330275 0 0 0 0 0 0 0 0 0 0
"geschichte" 0 0 0 0 0 0 0 0 0 0 1.26582278481013 0 0 0 0 0 0 0 0
"gesellschaft" 0 0 0 0 0 0 0 0 0.458715596330275 0 0 0 0 0 0 0 0 0 0
"gestern" 0 0 0 0 0 0 0 0 0 0 0 0 0 0 0 0 0 2.63157894736842 0
"gestoßen" 0 0 0 0 0 0 0 0 0 0.561797752808989 0 0 0 0 0 0 0 0 0
"gesundung" 0 0 0 0 0 0 0 0 0 0 1.26582278481013 0 0 0 0 0 0 0 0
"geteilt" 0 0 0 0 0 0 0 0 0 0.561797752808989 0 0 0 0 0 0 0 0 0
"getrost" 0 0 0.471698113207547 0 0 0 0 0 0 0 0 0 0 0 0 0 0 0 0
"geweint" 0 0 0 0 0 0 0 0 0 0 0 0 0 0 0 0 0 2.63157894736842 0
"gewinnbringend" 0 0 0 0 0 0 0 0 0 0 1.26582278481013 0 0 0 0 0 0 0 0
"gibt" 0 0 0 0 0 0 0 0 0.458715596330275 0 0 0 0 0 0 0 0 0 0
"gleichen" 0 0 0 0 0 0 0 0 0 0 0 0 0 0 0 0 1.72413793103448 0 0
"greifbar" 0 0 0 0 0 0 0 0 0 0.561797752808989 0 0 0 0 0 0 0 0 0
"grenzwertig" 0 0 0 0 1.63934426229508 0 0 0 0 0 0 0 0 0 0 0 0 0 0
"griechenlandurlaub" 0 0 0 0 0 0 0 0 0 0 0 0 0 0 0 0.884955752212389 0 0 0
"groß" 0 0 0 0 0 0 0 0 0 0 0 0 0 0 0 0.884955752212389 0 0 0
"großen" 0 0 0 0 0 0 0 1.17647058823529 0 0 0 0 0 0 0 0 0 0 0
"großer" 0 0 0 0 0 0 0 1.17647058823529 0 0 0 0 0 0 0 0 0 0 0
"großteil" 0 0 0 0 0 0 0 0 0.458715596330275 0 0 0 0 0 0 0 0 0 0
"gründlich" 0 0 0 0 0 0 0 0 0.458715596330275 0 0 0 0 0 0 0 0 0 0
"grüner" 0 0 0 0 0 0 0 0 0 0 0 0 11.1111111111111 0 0 0 0 0 0
"güldenen" 0 0 0 0 1.63934426229508 0 0 0 0 0 0 0 0 0 0 0 0 0 0
"haben" 2 0 0 0 0 0 0 0 0 0 0 0 0 0 0 0 0 0 0
"haltung" 0 0 0.471698113207547 0 0 0 0 0 0 0 0 0 0 0 0 0 0 0 0
"handel" 0 0 0 1.13636363636364 0 0 0 0 0 0 0 0 0 0 0 0 0 0 0
"handelt" 0 2.22222222222222 0 0 0 0 0 0 0 0 0 0 0 0 0 0 0 0 0
"handwerklich" 0 0 0 0 0 0 0 1.17647058823529 0 0 0 0 0 0 0 0 0 0 0
"hätte" 0 0 0.471698113207547 0 0 0 0 0 0 0 0 0 0 0 0 0 0 0 0
"haus" 0 0 0 0 0 2.22222222222222 0 0 0 0 0 0 0 0 0 0 0 0 0
"heilen" 0 0 0 0 0 0 0 0 0.458715596330275 0 0 0 0 0 0 0 0 0 0
"heilung" 0 0 0 0 0 0 0 0 0 0 0 0 0 0 0 0.884955752212389 0 0 0
"her" 0 0 0.471698113207547 0 0 0 0 0 0 0 0 0 0 0 0 0 0 0 0
"herzblut" 0 0 0 0 0 0 0 0 0 0 0 1.14942528735632 0 0 0 0 0 0 0
"hilfestellung" 0 0 0 0 0 0 0 0 0 0.561797752808989 0 0 0 0 0 0 0 0 0
"hilfreichen" 0 0 0 0 0 0 0 1.17647058823529 0 0 0 0 0 0 0 0 0 0 0
"hilfreicher" 0 0 0 0 0 0 0 0 0 0 0 0 11.1111111111111 0 0 0 0 0 0
"hingabe" 0 0 0 0 0 0 0 0 0 0 0 1.14942528735632 0 0 0 0 0 0 0
"hingerotzt" 0 0 0.471698113207547 0 0 0 0 0 0 0 0 0 0 0 0 0 0 0 0
"hinterlässt" 0 0 0 0 0 0 0 0 0 0 0 0 0 0 1.28205128205128 0 0 0 0
"hm" 0 0 0 1.13636363636364 0 0 0 0 0 0 0 0 0 0 0 0 0 0 0
"hoch" 0 0 0 0 0 0 0 0 0 0 1.26582278481013 0 0 0 0 0 0 0 0
"hoffe" 0 0 0 0 0 0 0 0 0.458715596330275 0 0 0 0 0 0 0 0 0 0
"hoffentlich" 0 0 0 0 0 0 0 1.17647058823529 0 0 0 0 0 0 0 0 0 0 0
"hohn" 0 0 0 0 0 0 0 0 0 0 0 0 0 0 0 0.884955752212389 0 0 0
"humor" 0 0 0 0 0 0 0 0 0 0.561797752808989 0 0 0 0 0 0 0 0 0
"ihre" 0 0 0 0 0 0 0 0 0.458715596330275 0 0 0 0 0 0 0 0 0 0
"immer" 0 0 0 0 0 0 0 0 0 0.561797752808989 0 0 0 0 0 0 0 0 0
"informiert" 0 0 0 0 0 0 0 0 0 0 1.26582278481013 0 0 0 0 0 0 0 0
"inhalt" 0 2.22222222222222 0 0 0 0 0 0 0 0 0 0 0 0 0 0 0 0 0
"innenseite" 0 0 0 0 1.63934426229508 0 0 0 0 0 0 0 0 0 0 0 0 0 0
"innerhalb" 0 0 0 0 0 0 0 0 0 0 0 0 0 0 1.28205128205128 0 0 0 0
"interessante" 0 0 0 0 0 0 0 0 0 0 1.26582278481013 0 0 0 0 0 0 0 0
"interessierte" 0 0 0 0 0 0 0 0 0 0.561797752808989 0 0 0 0 0 0 0 0 0
"interview" 0 0 0 0 0 0 0 1.17647058823529 0 0 0 0 0 0 0 0 0 0 0
"interviews" 0 0 0.471698113207547 0 0 0 0 0 0 0 0 0 0 0 0 0 0 0 0
"intim" 0 0 0 0 0 0 0 0 0 0.561797752808989 0 0 0 0 0 0 0 0 0
"irgendwann" 2 0 0 0 0 0 0 0 0 0 0 0 0 0 0 0 0 0 0
"irgendwelchen" 0 0 0 0 0 0 1.16279069767442 0 0 0 0 0 0 0 0 0 0 0 0
"irgendwen" 2 0 0 0 0 0 0 0 0 0 0 0 0 0 0 0 0 0 0
"irgendwie" 2 0 0 0 0 0 0 0 0 0 0 0 0 0 0 0 0 0 0
"ironie" 0 0 0 0 0 0 0 0 0 0 0 0 0 1.53846153846154 0 0 0 0 0
"jahrzehntelangen" 0 0 0 0 0 0 0 0 0 0 1.26582278481013 0 0 0 0 0 0 0 0
"jede" 0 0 0.471698113207547 0 0 0 0 0 0 0 0 0 0 0 0 0 0 0 0
"jeden" 0 0 0 0 0 0 1.16279069767442 0 0 0 0 0 0 0 0 0 0 0 0
"jedes" 0 0 0.471698113207547 0 0 0 0 0 0 0 0 0 0 0 0 0 0 0 0
"jedoch" 0 0 0 0 0 0 0 0 0.458715596330275 0 0 0 0 0 0 0 0 0 0
"jemand" 0 0 0 0 0 0 0 0 0.458715596330275 0 0 0 0 0 0 0 0 0 0
"kam" 0 0 0 0 0 0 0 0 0 0 0 0 0 0 0 0 0 2.63157894736842 0
"kassenpatient" 0 0 0 0 0 0 1.16279069767442 0 0 0 0 0 0 0 0 0 0 0 0
"kauf" 0 0 0 0 0 0 0 0 0.458715596330275 0 0 0 0 0 0 0 0 0 0
"keine" 0 0 0 0 0 0 0 0 0 0.561797752808989 0 0 0 0 0 0 0 0 0
"keinem" 0 0 0 0 0 0 0 0 0 0.561797752808989 0 0 0 0 0 0 0 0 0
"keinster" 0 0 0 0 0 0 0 0 0 0 1.26582278481013 0 0 0 0 0 0 0 0
"kind" 0 0 0.471698113207547 0 0 0 0 0 0 0 0 0 0 0 0 0 0 0 0
"kk" 0 0 0 0 0 0 0 0 0.458715596330275 0 0 0 0 0 0 0 0 0 0
"klaren" 0 0 0 0 0 0 0 1.17647058823529 0 0 0 0 0 0 0 0 0 0 0
"klinikaufenthalt" 0 0 0 0 0 0 0 0 0 0 1.26582278481013 0 0 0 0 0 0 0 0
"kluges" 0 0 0 0 0 0 0 0 0 0 0 0 0 1.53846153846154 0 0 0 0 0
"knapp" 0 0 0 0 0 0 0 1.17647058823529 0 0 0 0 0 0 0 0 0 0 0
"koffer" 0 0 0.471698113207547 0 0 0 0 0 0 0 0 0 0 0 0 0 0 0 0
"kommt" 0 0 0.471698113207547 0 0 0 0 0 0 0 0 0 0 0 0 0 0 0 0
"kompensiert" 0 0 0 0 0 0 0 0 0.458715596330275 0 0 0 0 0 0 0 0 0 0
"kompletter" 0 0 0.471698113207547 0 0 0 0 0 0 0 0 0 0 0 0 0 0 0 0
"konfus" 0 0 0.471698113207547 0 0 0 0 0 0 0 0 0 0 0 0 0 0 0 0
"konterfei" 0 0 0 0 1.63934426229508 0 0 0 0 0 0 0 0 0 0 0 0 0 0
"kontext" 0 0 0 0 0 0 0 0 0 0.561797752808989 0 0 0 0 0 0 0 0 0
"krankhafte" 0 0 0 1.13636363636364 0 0 0 0 0 0 0 0 0 0 0 0 0 0 0
"krankheiten" 0 0 0 0 0 0 0 0 0 0 0 0 0 0 0 0 1.72413793103448 0 0
"kriegt" 0 0 0 0 0 0 0 0 0 0 0 0 0 0 0 0.884955752212389 0 0 0
"lache" 0 0 0 0 0 2.22222222222222 0 0 0 0 0 0 0 0 0 0 0 0 0
"lassen" 0 0 0 0 0 0 0 0 0.458715596330275 0 0 0 0 0 0 0 0 0 0
"laut" 0 0 0 0 0 0 0 0 0 0 0 0 0 0 0 0.884955752212389 0 0 0
"lebenswelt" 0 0 0.471698113207547 0 0 0 0 0 0 0 0 0 0 0 0 0 0 0 0
"leiden" 0 0 0 0 0 0 0 0 0 0 0 0 0 0 0 0 1.72413793103448 0 0
"leidest" 0 0 0 0 0 0 0 0 0 0 0 0 0 0 0 0 0 0 1.0752688172043
"leidet" 0 0 0 0 0 0 0 0 0 0 0 0 0 0 0 0 0 0 1.0752688172043
"leist" 0 0 0 0 0 0 0 1.17647058823529 0 0 0 0 0 0 0 0 0 0 0
"lesefluß" 0 0 0 0 0 0 0 1.17647058823529 0 0 0 0 0 0 0 0 0 0 0
"leser" 0 0 0 0 0 0 0 0 0 0.561797752808989 0 0 0 0 0 0 0 0 0
"liebe" 0 0 0 0 0 0 0 0 0 0 0 0 0 1.53846153846154 0 0 0 0 0
"liest" 0 0 0 0 0 0 0 0 0 0 0 1.14942528735632 0 0 0 0 0 0 0
"lustig" 0 0 0 0 0 0 0 0 0 0 0 0 0 0 1.28205128205128 0 0 0 0
"mancheinen" 0 0 0 0 0 0 0 0 0.458715596330275 0 0 0 0 0 0 0 0 0 0
"maßt" 0 0 0 0 0 0 0 0 0.458715596330275 0 0 0 0 0 0 0 0 0 0
"medienunwirksam" 0 0 0 0 0 0 0 0 0.458715596330275 0 0 0 0 0 0 0 0 0 0
"mehreren" 0 0 0 0 0 0 0 0 0 0.561797752808989 0 0 0 0 0 0 0 0 0
"meilenweit" 0 0 0.471698113207547 0 0 0 0 0 0 0 0 0 0 0 0 0 0 0 0
"meine" 0 0 0.471698113207547 0 0 0 0 0 0 0 0 0 0 0 0 0 0 0 0
"meinem" 0 0 0 1.13636363636364 0 0 0 0 0 0 0 0 0 0 0 0 0 0 0
"meinungen" 0 0 0 0 0 0 0 0 0 0.561797752808989 0 0 0 0 0 0 0 0 0
"meisten" 0 0 0 0 0 0 0 0 0 0 0 0 0 0 0 0.884955752212389 0 0 0
"merkt" 0 0 0 0 0 0 0 0 0 0.561797752808989 0 0 0 0 0 0 0 0 0
"metier" 0 0 0 0 0 0 0 0 0.458715596330275 0 0 0 0 0 0 0 0 0 0
"miniformat" 0 0 0 0 1.63934426229508 0 0 0 0 0 0 0 0 0 0 0 0 0 0
"mittag" 0 0 0 0 0 0 0 0 0 0 0 0 0 0 0 0.884955752212389 0 0 0
"mittel" 0 0 0 0 0 0 0 0 0 0 0 0 0 0 0 0 1.72413793103448 0 0
"mode" 0 0 0 0 0 0 1.16279069767442 0 0 0 0 0 0 0 0 0 0 0 0
"möglich" 0 0 0 0 0 0 0 1.17647058823529 0 0 0 0 0 0 0 0 0 0 0
"moment" 0 0 0 0 0 0 1.16279069767442 0 0 0 0 0 0 0 0 0 0 0 0
"monaten" 0 0 0 0 0 0 0 0 0.458715596330275 0 0 0 0 0 0 0 0 0 0
"motivieren" 0 0 0 0 0 0 0 0 0.458715596330275 0 0 0 0 0 0 0 0 0 0
"motto" 0 0 0 0 0 0 0 0 0.458715596330275 0 0 0 0 0 0 0 0 0 0
"mp" 0 2.22222222222222 0 0 0 0 0 0 0 0 0 0 0 0 0 0 0 0 0
"mund" 0 0 0 0 0 0 0 0 0 0 0 1.14942528735632 0 0 0 0 0 0 0
"mut" 0 0 0 0 0 0 0 0 0 0 0 0 0 0 0 0 1.72413793103448 0 0
"mütter" 0 0 0.471698113207547 0 0 0 0 0 0 0 0 0 0 0 0 0 0 0 0
"nackt" 0 0 0 0 0 0 0 0 0 0 0 1.14942528735632 0 0 0 0 0 0 0
"nahe" 0 0 0 0 0 0 0 0 0 0.561797752808989 0 0 0 0 0 0 0 0 0
"nebenwirkungen" 0 0 0 0 0 0 0 0 0.458715596330275 0 0 0 0 0 0 0 0 0 0
"nein" 0 0 0 0 0 0 0 0 0.458715596330275 0 0 0 0 0 0 0 0 0 0
"nennt" 0 0 0 0 0 2.22222222222222 0 0 0 0 0 0 0 0 0 0 0 0 0
"netten" 0 0 0 0 0 0 0 0 0.458715596330275 0 0 0 0 0 0 0 0 0 0
"neue" 0 0 0 0 0 0 1.16279069767442 0 0 0 0 0 0 0 0 0 0 0 0
"nichts" 0 0 0.471698113207547 0 0 0 0 0 0 0 0 0 0 0 0 0 0 0 0
"nimmt" 0 0 0 0 0 0 0 0 0 0 0 1.14942528735632 0 0 0 0 0 0 0
"nix" 0 0 0 1.13636363636364 0 0 0 0 0 0 0 0 0 0 0 0 0 0 0
"normalen" 0 0 0.471698113207547 0 0 0 0 0 0 0 0 0 0 0 0 0 0 0 0
"null" 0 0 0.471698113207547 0 0 0 0 0 0 0 0 0 0 0 0 0 0 0 0
"ob" 0 0 0 0 0 0 0 1.17647058823529 0 0 0 0 0 0 0 0 0 0 0
"oberflächlich" 0 0 0 1.13636363636364 0 0 0 0 0 0 0 0 0 0 0 0 0 0 0
"obstsalat" 0 0 0 0 0 0 0 0 0 0 0 1.14942528735632 0 0 0 0 0 0 0
"offenbart" 0 0 0 0 0 0 0 0 0 0 0 0 0 0 0 0 0 0 1.0752688172043
"offenheit" 0 0 0 0 0 0 0 0 0 0 0 0 0 0 0 0 1.72413793103448 0 0
"oft" 0 0 0.471698113207547 0 0 0 0 0 0 0 0 0 0 0 0 0 0 0 0
"otto-normal-depressive" 0 0 0 0 0 0 1.16279069767442 0 0 0 0 0 0 0 0 0 0 0 0
"outet" 0 0 0 0 0 0 1.16279069767442 0 0 0 0 0 0 0 0 0 0 0 0
"packen" 0 0 0.471698113207547 0 0 0 0 0 0 0 0 0 0 0 0 0 0 0 0
"peinlich" 0 0 0 0 1.63934426229508 0 0 0 0 0 0 0 0 0 0 0 0 0 0
"person" 0 0 0 0 0 0 0 0 0.458715596330275 0 0 0 0 0 0 0 0 0 0
"personal" 0 0 0 0 0 0 0 0 0.458715596330275 0 0 0 0 0 0 0 0 0 0
"persönliche" 0 0 0 0 0 0 0 0 0 0.561797752808989 0 0 0 0 0 0 0 0 0
"persönlichen" 0 0 0 0 0 0 0 0 0 0 0 0 0 0 0 0 1.72413793103448 0 0
"pillchen" 0 0 0 0 0 0 0 0 0.458715596330275 0 0 0 0 0 0 0 0 0 0
"platz" 0 0 0 0 0 0 0 0 0 0 0 0 0 0 0 0.884955752212389 0 0 0
"player" 0 2.22222222222222 0 0 0 0 0 0 0 0 0 0 0 0 0 0 0 0 0
"politische" 0 0 0.471698113207547 0 0 0 0 0 0 0 0 0 0 0 0 0 0 0 0
"potentiel" 0 0 0 0 0 0 0 1.17647058823529 0 0 0 0 0 0 0 0 0 0 0
"prahlerei" 0 0 0 0 0 0 0 0 0 0 0 0 0 0 0 0.884955752212389 0 0 0
"preislich" 0 0 0 0 0 0 0 1.17647058823529 0 0 0 0 0 0 0 0 0 0 0
"private" 0 0 0 0 0 0 0 0 0 0.561797752808989 0 0 0 0 0 0 0 0 0
"privatpatient" 0 0 0.471698113207547 0 0 0 0 0 0 0 0 0 0 0 0 0 0 0 0
"privatversicherte" 0 0 0 0 0 0 0 0 0 0 0 0 0 0 0 0.884955752212389 0 0 0
"privilegierter" 0 0 0.471698113207547 0 0 0 0 0 0 0 0 0 0 0 0 0 0 0 0
"probates" 0 0 0 0 0 0 0 0 0 0 0 0 0 0 0 0 1.72413793103448 0 0
"problem" 0 0 0 0 0 0 0 0 0 0.561797752808989 0 0 0 0 0 0 0 0 0
"problemen" 0 0 0 0 0 0 1.16279069767442 0 0 0 0 0 0 0 0 0 0 0 0
"profit" 0 0 0 0 0 0 0 0 0.458715596330275 0 0 0 0 0 0 0 0 0 0
"promihaft" 0 0 0 1.13636363636364 0 0 0 0 0 0 0 0 0 0 0 0 0 0 0
"promis" 0 0 0 0 0 0 0 0 0.458715596330275 0 0 0 0 0 0 0 0 0 0
"psychiater" 0 0 0 0 0 0 0 0 0 0 0 0 0 0 0 0.884955752212389 0 0 0
"psychiatrie" 0 0 0 0 0 0 0 0 0.458715596330275 0 0 0 0 0 0 0 0 0 0
"psychischen" 0 0 0 0 0 0 0 0 0 0 0 0 0 0 0 0 1.72413793103448 0 0
"punkt" 0 2.22222222222222 0 0 0 0 0 0 0 0 0 0 0 0 0 0 0 0 0
"quasi" 0 0 0.471698113207547 0 0 0 0 0 0 0 0 0 0 0 0 0 0 0 0
"queere" 0 0 0 0 0 0 0 0 0 0 0 0 0 0 1.28205128205128 0 0 0 0
"rechne" 0 0 0 0 0 0 0 0 0 0 1.26582278481013 0 0 0 0 0 0 0 0
"rechnet" 0 0 0 0 0 0 0 0 0 0 0 1.14942528735632 0 0 0 0 0 0 0
"regeln" 0 0 0.471698113207547 0 0 0 0 0 0 0 0 0 0 0 0 0 0 0 0
"rein" 0 0 0.471698113207547 0 0 0 0 0 0 0 0 0 0 0 0 0 0 0 0
"respekt" 0 0 0 0 0 0 0 0 0 0 1.26582278481013 0 0 0 0 0 0 0 0
"respektvoll" 0 0 0 0 0 0 0 0 0 0 0 1.14942528735632 0 0 0 0 0 0 0
"rest" 0 0 0.471698113207547 0 0 0 0 0 0 0 0 0 0 0 0 0 0 0 0
"richtiger" 0 0 0 0 0 0 0 1.17647058823529 0 0 0 0 0 0 0 0 0 0 0
"ringlein" 0 0 0 0 1.63934426229508 0 0 0 0 0 0 0 0 0 0 0 0 0 0
"runterziehen" 0 0 0 0 0 0 0 0 0.458715596330275 0 0 0 0 0 0 0 0 0 0
"sache" 0 0 0 0 0 0 0 0 0 0 0 0 0 0 0 0.884955752212389 0 0 0
"sagen" 0 0 0 0 0 0 0 0 0.458715596330275 0 0 0 0 0 0 0 0 0 0
"sagt" 0 0 0 0 0 0 0 0 0 0 0 0 0 0 0 0 0 0 1.0752688172043
"saugut" 0 0 0 0 0 0 0 0 0 0 0 1.14942528735632 0 0 0 0 0 0 0
"schade" 0 0 0 0 0 0 1.16279069767442 0 0 0 0 0 0 0 0 0 0 0 0
"schaden" 0 0 0 0 0 0 0 0 0 0 0 0 0 1.53846153846154 0 0 0 0 0
"schenken" 0 0 0 0 0 0 0 0 0 0 0 0 0 0 0 0 0 2.63157894736842 0
"schläft" 0 0 0 0 0 0 0 0 0 0 0 0 0 0 0 0.884955752212389 0 0 0
"schlagen" 0 0 0 0 0 0 0 0 0.458715596330275 0 0 0 0 0 0 0 0 0 0
"schlauer" 0 0 0 0 0 0 0 0 0.458715596330275 0 0 0 0 0 0 0 0 0 0
"schließlich" 0 0 0 0 0 0 0 0 0.458715596330275 0 0 0 0 0 0 0 0 0 0
"schlimme" 2 0 0 0 0 0 0 0 0 0 0 0 0 0 0 0 0 0 0
"schluss" 0 0 0.471698113207547 0 0 0 0 0 0 0 0 0 0 0 0 0 0 0 0
"schnell" 0 0 0 0 0 0 0 0 0 0 0 0 0 0 0 0.884955752212389 0 0 0
"schnelle" 0 0 0.471698113207547 0 0 0 0 0 0 0 0 0 0 0 0 0 0 0 0
"schön" 0 0 0.471698113207547 0 0 0 0 0 0 0 0 0 0 0 0 0 0 0 0
"schreibt" 0 0 0 0 0 0 0 0 0 0 0 1.14942528735632 0 0 0 0 0 0 0
"schriftsteller" 0 0 0 0 0 0 0 0 0 0.561797752808989 0 0 0 0 0 0 0 0 0
"schwach" 0 0 0.471698113207547 0 0 0 0 0 0 0 0 0 0 0 0 0 0 0 0
"sehe" 0 0 0 0 0 0 0 0 0 0 0 0 0 0 1.28205128205128 0 0 0 0
"sehen" 0 0 0 0 0 0 0 0 0 0 0 0 0 0 1.28205128205128 0 0 0 0
"seit" 0 0 0 0 0 0 0 0 0 0 0 0 0 0 0 0 0 0 1.0752688172043
"seite" 0 0 0 0 0 0 0 0 0 0 0 0 0 1.53846153846154 0 0 0 0 0
"selbstdiagnose" 0 0 0 0 0 0 0 1.17647058823529 0 0 0 0 0 0 0 0 0 0 0
"selbstverständlich" 0 0 0 0 0 0 0 0 0.458715596330275 0 0 0 0 0 0 0 0 0 0
"selten" 0 0 0 0 0 0 0 0 0 0 1.26582278481013 0 0 0 0 0 0 0 0
"sendung" 0 0 0.471698113207547 0 0 0 0 0 0 0 0 0 0 0 0 0 0 0 0
"sensiblen" 0 0 0 0 0 0 0 0 0.458715596330275 0 0 0 0 0 0 0 0 0 0
"shows" 0 0 0 0 0 0 0 0 0 0.561797752808989 0 0 0 0 0 0 0 0 0
"sicher" 2 0 0 0 0 0 0 0 0 0 0 0 0 0 0 0 0 0 0
"sinne" 0 0 0 0 0 0 0 0 0 0 0 0 0 0 1.28205128205128 0 0 0 0
"sitzen" 0 0 0 0 0 0 0 0 0.458715596330275 0 0 0 0 0 0 0 0 0 0
"sogar" 0 0 0 0 0 2.22222222222222 0 0 0 0 0 0 0 0 0 0 0 0 0
"sondern" 0 0 0.471698113207547 0 0 0 0 0 0 0 0 0 0 0 0 0 0 0 0
"sonst" 0 0 0 0 0 0 0 0 0.458715596330275 0 0 0 0 0 0 0 0 0 0
"sorry" 0 0 0.471698113207547 0 0 0 0 0 0 0 0 0 0 0 0 0 0 0 0
"spontan" 0 0 0 0 0 0 0 0 0 0.561797752808989 0 0 0 0 0 0 0 0 0
"sprachlich" 0 0 0.471698113207547 0 0 0 0 0 0 0 0 0 0 0 0 0 0 0 0
"sprachstil" 0 0 0 1.13636363636364 0 0 0 0 0 0 0 0 0 0 0 0 0 0 0
"spricht" 0 0 0 0 0 0 0 0 0 0 0 1.14942528735632 0 0 0 0 0 0 0
"springt" 0 0 0.471698113207547 0 0 0 0 0 0 0 0 0 0 0 0 0 0 0 0
"spürt" 0 0 0 0 0 0 0 0 0 0 0 0 0 1.53846153846154 0 0 0 0 0
"standard" 0 0 0.471698113207547 0 0 0 0 0 0 0 0 0 0 0 0 0 0 0 0
"ständig" 0 0 0 0 0 2.22222222222222 0 0 0 0 0 0 0 0 0 0 0 0 0
"stellt" 0 0 0 0 0 0 0 0 0 0 0 0 0 0 1.28205128205128 0 0 0 0
"stern" 0 0 0.471698113207547 0 0 0 0 0 0 0 0 0 0 0 0 0 0 0 0
"stets" 0 0 0 0 1.63934426229508 0 0 0 0 0 0 0 0 0 0 0 0 0 0
"stil" 0 0 0 0 1.63934426229508 0 0 0 0 0 0 0 0 0 0 0 0 0 0
"stimmt" 0 0 0 0 0 0 0 0 0 0 1.26582278481013 0 0 0 0 0 0 0 0
"straight" 0 0 0 0 0 0 0 0 0 0 0 0 0 0 0 0 1.72413793103448 0 0
"sträter" 0 0 0.471698113207547 0 0 0 0 0 0 0 0 0 0 0 0 0 0 0 0
"stübchen" 0 0 0 0 0 0 0 0 0.458715596330275 0 0 0 0 0 0 0 0 0 0
"suchen" 0 0 0 0 0 0 0 0 0.458715596330275 0 0 0 0 0 0 0 0 0 0
"super" 0 0 0 0 0 0 0 0 0 0 0 0 0 0 0 0.884955752212389 0 0 0
"tages-" 0 0 0 0 0 0 0 0 0 0 0 0 0 0 0 0 0 0 1.0752688172043
"tat" 0 0 0 0 0 0 0 0 0 0 0 1.14942528735632 0 0 0 0 0 0 0
"tatsächlich" 0 0 0 0 0 0 0 0 0.458715596330275 0 0 0 0 0 0 0 0 0 0
"tee" 0 0 0 0 0 0 0 0 0 0 0 0 11.1111111111111 0 0 0 0 0 0
"termin" 0 0 0 0 0 0 0 0 0 0 0 0 0 0 0 0.884955752212389 0 0 0
"termine" 0 0 0.471698113207547 0 0 0 0 0 0 0 0 0 0 0 0 0 0 0 0
"teure" 0 0 0.471698113207547 0 0 0 0 0 0 0 0 0 0 0 0 0 0 0 0
"themas" 0 0 0 0 0 0 0 0 0 0.561797752808989 0 0 0 0 0 0 0 0 0
"thematik" 0 0 0 1.13636363636364 0 0 0 0 0 0 0 0 0 0 0 0 0 0 0
"therapeuten" 0 0 0.471698113207547 0 0 0 0 0 0 0 0 0 0 0 0 0 0 0 0
"tiefe" 0 0 0 1.13636363636364 0 0 0 0 0 0 0 0 0 0 0 0 0 0 0
"toll" 0 0 0 0 0 0 0 0 0 0 0 0 0 0 0 0 0 0 1.0752688172043
"tonne" 0 0 0.471698113207547 0 0 0 0 0 0 0 0 0 0 0 0 0 0 0 0
"torsten" 0 0 0.471698113207547 0 0 0 0 0 0 0 0 0 0 0 0 0 0 0 0
"treffen" 0 0 0 0 0 0 1.16279069767442 0 0 0 0 0 0 0 0 0 0 0 0
"trinken" 0 0 0 0 0 0 0 0 0 0 0 0 11.1111111111111 0 0 0 0 0 0
"trotz" 0 0 0 0 0 0 0 0 0.458715596330275 0 0 0 0 0 0 0 0 0 0
"trotzdem" 0 2.22222222222222 0 0 0 0 0 0 0 0 0 0 0 0 0 0 0 0 0
"tun" 0 0 0.471698113207547 0 0 0 0 0 0 0 0 0 0 0 0 0 0 0 0
"typisch" 0 0 0 1.13636363636364 0 0 0 0 0 0 0 0 0 0 0 0 0 0 0
"überlesen" 0 2.22222222222222 0 0 0 0 0 0 0 0 0 0 0 0 0 0 0 0 0
"überrollt" 0 0 0 0 0 0 0 0 0 0 0 0 0 0 1.28205128205128 0 0 0 0
"übertrieben" 0 0 0 0 0 0 0 1.17647058823529 0 0 0 0 0 0 0 0 0 0 0
"umgang" 0 0 0 0 0 0 0 0 0 0.561797752808989 0 0 0 0 0 0 0 0 0
"umso" 0 0 0 0 0 0 0 0 0.458715596330275 0 0 0 0 0 0 0 0 0 0
"unangenehm" 0 0 0 0 0 0 0 0 0 0.561797752808989 0 0 0 0 0 0 0 0 0
"unglaublich" 0 0 0 0 0 0 0 0 0 0 0 1.14942528735632 0 0 0 0 0 0 0
"unglaublicher" 0 0 0 0 0 0 0 0 0 0 0 1.14942528735632 0 0 0 0 0 0 0
"unpassend" 0 0 0 0 0 0 0 0 0 0.561797752808989 0 0 0 0 0 0 0 0 0
"unserer" 0 0 0 0 0 0 0 0 0 0 0 0 0 1.53846153846154 0 0 0 0 0
"unsympathisch" 0 0 0 0 0 0 0 0 0 0.561797752808989 0 0 0 0 0 0 0 0 0
"unter" 0 0 0 0 0 0 0 0 0 0 0 0 0 0 0 0 1.72413793103448 0 0
"unterhaltsamer" 0 0 0 0 0 0 0 1.17647058823529 0 0 0 0 0 0 0 0 0 0 0
"unterhaltung" 0 0 0 0 0 0 0 0 0.458715596330275 0 0 0 0 0 0 0 0 0 0
"unterirdisch" 0 0 0 0 1.63934426229508 0 0 0 0 0 0 0 0 0 0 0 0 0 0
"unterspült" 0 0 0 0 0 0 0 0 0 0.561797752808989 0 0 0 0 0 0 0 0 0
"unterstützend" 0 0 0 0 0 0 0 0 0 0 1.26582278481013 0 0 0 0 0 0 0 0
"unumstößlichen" 0 0 0 0 0 0 0 0 0 0.561797752808989 0 0 0 0 0 0 0 0 0
"unwahrscheinlich" 0 0 0 0 0 0 0 0 0 0 1.26582278481013 0 0 0 0 0 0 0 0
"urteilen" 0 0 0 0 0 0 0 0 0.458715596330275 0 0 0 0 0 0 0 0 0 0
"verdient" 0 0 0 0 0 0 0 0 0 0 1.26582278481013 0 0 0 0 0 0 0 0
"vereinfacht" 0 0 0 0 0 0 0 0 0 0.561797752808989 0 0 0 0 0 0 0 0 0
"verfolge" 0 0 0 0 0 0 0 0 0 0.561797752808989 0 0 0 0 0 0 0 0 0
"verkauft" 0 0 0 0 0 0 0 0 0 0 0 0 0 0 0 0 0 0 1.0752688172043
"verstanden" 0 0 0 0 0 0 0 0 0 0 0 0 0 0 0 0 0 2.63157894736842 0
"versuche" 0 0 0 0 0 0 0 0 0.458715596330275 0 0 0 0 0 0 0 0 0 0
"viele" 0 0 0 0 0 0 0 0 0 0.561797752808989 0 0 0 0 0 0 0 0 0
"vieles" 0 0 0 0 0 0 0 0 0 0.561797752808989 0 0 0 0 0 0 0 0 0
"vielleicht" 2 0 0 0 0 0 0 0 0 0 0 0 0 0 0 0 0 0 0
"vier" 0 0 0 0 0 0 0 0 0 0 0 0 0 0 0 0.884955752212389 0 0 0
"vollkommen" 0 0 0 0 1.63934426229508 0 0 0 0 0 0 0 0 0 0 0 0 0 0
"vollzeit-kinderfrau" 0 0 0.471698113207547 0 0 0 0 0 0 0 0 0 0 0 0 0 0 0 0
"vorkommt" 0 0 0.471698113207547 0 0 0 0 0 0 0 0 0 0 0 0 0 0 0 0
"vorne" 0 0 0 0 0 0 0 0 0 0 0 0 0 0 0 0 1.72413793103448 0 0
"während" 0 0 0 0 0 0 1.16279069767442 0 0 0 0 0 0 0 0 0 0 0 0
"wahrscheinlich" 0 0 0 0 0 0 0 0 0 0 0 0 0 0 1.28205128205128 0 0 0 0
"wahrsten" 0 0 0 0 0 0 0 0 0 0 0 0 0 0 1.28205128205128 0 0 0 0
"wär" 0 0 0 0 0 0 0 0 0 0 0 0 0 0 0 0.884955752212389 0 0 0
"wäre" 0 0 0 0 0 0 0 0 0 0 0 0 0 0 0 0.884955752212389 0 0 0
"wartelisten" 0 0 0 0 0 0 1.16279069767442 0 0 0 0 0 0 0 0 0 0 0 0
"wartezeit" 0 0 0 0 0 0 1.16279069767442 0 0 0 0 0 0 0 0 0 0 0 0
"weggelesen" 0 0 0 0 0 0 0 0 0 0 0 0 0 0 0 0 1.72413793103448 0 0
"weil" 0 0 0 1.13636363636364 0 0 0 0 0 0 0 0 0 0 0 0 0 0 0
"weise" 0 0 0 0 0 0 0 0 0 0 1.26582278481013 0 0 0 0 0 0 0 0
"weiterempfehlen" 0 0 0 0 0 0 0 0 0 0 0 0 0 0 0 0.884955752212389 0 0 0
"weitestgehend" 0 0 0 0 0 0 0 0 0 0.561797752808989 0 0 0 0 0 0 0 0 0
"welche" 0 0 0 0 0 2.22222222222222 0 0 0 0 0 0 0 0 0 0 0 0 0
"wendung" 0 0 0 0 0 0 0 0 0 0 1.26582278481013 0 0 0 0 0 0 0 0
"wer" 0 0 0 0 1.63934426229508 0 0 0 0 0 0 0 0 0 0 0 0 0 0
"werde" 0 0 0 0 0 0 0 0 0 0 0 0 0 0 1.28205128205128 0 0 0 0
"wiederholungen" 0 0 0 0 0 0 0 1.17647058823529 0 0 0 0 0 0 0 0 0 0 0
"wir" 2 0 0 0 0 0 0 0 0 0 0 0 0 0 0 0 0 0 0
"witzig" 0 2.22222222222222 0 0 0 0 0 0 0 0 0 0 0 0 0 0 0 0 0
"witziges" 0 0 0 0 0 0 0 0 0 0 0 0 0 1.53846153846154 0 0 0 0 0
"wo" 0 0 0 0 0 0 0 0 0 0 0 0 0 0 0 0.884955752212389 0 0 0
"wohl" 0 0 0 0 0 0 0 0 0 0 0 0 0 1.53846153846154 0 0 0 0 0
"wollen" 0 0 0 0 0 0 0 0 0 0.561797752808989 0 0 0 0 0 0 0 0 0
"wollte" 0 0 0 0 0 0 0 0 0 0 0 0 0 0 0 0 0 2.63157894736842 0
"wortes" 0 0 0 0 0 0 0 0 0 0 0 0 0 0 1.28205128205128 0 0 0 0
"wortwahl" 0 0 0 0 1.63934426229508 0 0 0 0 0 0 0 0 0 0 0 0 0 0
"wünsche" 0 0 0 0 0 0 0 0 0 0 0 0 0 0 0 0 1.72413793103448 0 0
"würde" 0 0 0 0 0 0 0 0 0 0 0 0 0 0 0 0.884955752212389 0 0 0
"zack" 0 0 0 0 0 0 0 0 0 0 0 0 0 0 0 0 0 0 1.0752688172043
"zeigen" 0 0 0 0 0 0 1.16279069767442 0 0 0 0 0 0 0 0 0 0 0 0
"zeilen" 0 0 0 0 0 0 0 0 0.458715596330275 0 0 0 0 0 0 0 0 0 0
"zeit" 0 0 0 0 0 0 0 0 0 0 0 1.14942528735632 0 0 0 0 0 0 0
"zieht" 0 0 0 0 0 0 0 0 0 0 0 0 0 0 0 0.884955752212389 0 0 0
"zukunft" 0 0 0 0 0 0 0 0 0 0 0 0 0 0 1.28205128205128 0 0 0 0
"zunehmend" 0 0 0.471698113207547 0 0 0 0 0 0 0 0 0 0 0 0 0 0 0 0
"zutun" 0 0 0 1.13636363636364 0 0 0 0 0 0 0 0 0 0 0 0 0 0 0
"zuzulassen" 0 0 0 0 0 0 0 0 0 0 0 0 0 1.53846153846154 0 0 0 0 0
"zwar" 0 0 0 0 0 0 0 1.17647058823529 0 0 0 0 0 0 0 0 0 0 0
"zwei" 0 0 0.471698113207547 0 0 0 0 0 0 0 0 0 0 0 0 0 0 0 0
"zwischen" 0 0 0.471698113207547 0 0 0 0 0 0 0 0 0 0 0 0 0 0 0 0
